4.7474
4.9714
2.636
4.7656
3.9675
5
4.8373
3.2525
5
4.9163
4.8247
5
5
3.7169
4.9473
3.9914
5
4.8351
5
5
5
4.3279
4.7239
4.2109
4.8484
4.5115
4.7662
4.3541
3.9536
4.6728
4.9005
5
4.8847
3.6576
5
3.6497
5
4.7887
4.2733
4.7176
4.9001
4.2073
4.5762
3.6497
3.8714
4.2382
4.9358
4.9018
4.657
4.7239
4.8249
3.5128
4.6821
5
4.117
4.8732
4.9148
4.1668
5
2.8874
5
4.1362
5
4.8234
4.3678
4.5594
4.3535
5
5
4.7551
5
4.947
4.3238
4.6812
4.8378
4.657
4.6765
4.9207
3.8476
5
4.4679
4.1314
4.8605
4.5594
4.7093
4.2776
4.9538
4.8512
5
5
4.1314
0.6222
5
5
4.7798
4.1846
4.5041
3.7624
4.3043
5
4.6765
4.7662
4.815
4.8841
5
5
5
5
5
4.9604
4.4531
4.7361
5
2.8457
4.8869
4.8484
4.3935
4.1728
5
4.4137
5
4.6976
5
2.9878
5
5
3.6071
5
4.0535
5
4.9749
5
4.7639
5
4.682
4.9005
4.8135
5
4.9714
4.747
5
4.9333
4.4178
5
4.9865
4.6523
5
4.6411
4.5634
2.8183
4.0366
1.5874
4.1208
3.2072
5
5
4.747
3.4204
4.8281
4.3861
4.4263
4.9716
5
4.3645
4.4334
3.0213
4.8595
4.425
4.5962
4.2353
4.7236
4.2577
4.0136
4.9897
4.9064
5
4.9207
5
5
4.2638
5
5
5
5
4.8732
4.7551
4.6743
5
5
4.5041
4.7146
4.4018
2.6732
4.1515
4.9391
2.6374
5
4.1723
4.2441
2.8651
4.7308
5
5
4.2109
3.9918
5
5
4.5363
4.3984
4.9547
4.3238
4.8712
5
5
5
4.6227
4.5497
4.7798
2.2714
5
4.9101
4.6256
4.0413
5
5
4.9148
3.7169
4.8982
5
5
4.6877
4.425
5
4.7223
4.9473
5
2.8183
3.541
4.6227
4.9064
5
4.8893
5
5
3.9969
4.1723
3.6071
4.5889
4.7606
5
