0.5	0.5
0.483045891539648	0.3481553119113957
0.3726779962499649	0.28867513459481287
0.50709255283711	0.4767312946227962
0.44721359549995787	0.44721359549995787
0.8198915917499228	0.6804138174397717
0.7431605356175385	0.5270462766947299
0.5000000000000001	0.5000000000000001
0.6708203932499369	0.6708203932499369
0.6708203932499369	0.6708203932499369
0.3849001794597505	0.3849001794597505
0.5303300858899106	0.4472135954999579
0.14433756729740646	0.14433756729740646
0.2508726030021272	0.2508726030021272
0.5477225575051663	0.5270462766947299
0.5270462766947299	0.5039526306789696
0.47434164902525694	0.5262348115842176
0.3380617018914066	0.3380617018914066
0.3872983346207417	0.3872983346207417
0.7267220926874317	0.44474958999666075
0.8335696394016966	0.4767312946227962
0.5270462766947299	0.5270462766947299
0.3651483716701108	0.31622776601683794
0.2581988897471611	0.2581988897471611
0.30000000000000004	0.23904572186687872
0.47434164902525683	0.47434164902525683
0.4472135954999579	0.4472135954999579
0.1178511301977579	0.1178511301977579
0.6267831705280086	0.39223227027636803
0.5477225575051662	0.5477225575051662
0.3849001794597505	0.3849001794597505
0.7462025072446364	0.7499999999999999
0.6324555320336758	0.6324555320336758
0.2817180849095055	0.24019223070763074
0.4082482904638631	0.4082482904638631
0.18257418583505539	0.18257418583505539
0.1178511301977579	0.14433756729740646
0.8944271909999157	0.9128709291752769
0.30000000000000004	0.30000000000000004
0.6389151433378876	0.5000000000000001
0.6900655593423543	0.5241424183609591
0.38138503569823695	0.38138503569823695
0.3585685828003181	0.26967994498529685
0.8485281374238569	0.8451542547285165
0.4714045207910318	0.4714045207910318
0.6761234037828132	0.6761234037828132
0.3380617018914066	0.3380617018914066
0.5078333750770081	0.43852900965351466
0.5017452060042545	0.4244373438135828
0.5539117094069974	0.45643546458763834
0.36514837167011077	0.36514837167011077
0.5714285714285713	0.5714285714285713
0.26967994498529685	0.26967994498529685
0.40201512610368484	0.35355339059327373
0.47809144373375745	0.4285714285714285
0.5000000000000001	0.4444444444444444
0.0	0.0
0.4453993340830444	0.31622776601683794
0.5590169943749475	0.6666666666666666
0.15811388300841894	0.19999999999999998
0.4020151261036849	0.20701966780270625
0.6761234037828132	0.6761234037828132
0.5276448530110864	0.5276448530110864
0.19999999999999998	0.19999999999999998
0.3076923076923077	0.2631174057921088
0.3333333333333334	0.3333333333333334
0.25	0.25
0.5454545454545455	0.533001790889026
0.53813823519705	0.38138503569823695
0.5009794328681195	0.38575837490522985
0.5303300858899106	0.4472135954999579
0.5103103630798287	0.4714045207910316
0.7905694150420948	0.7905694150420948
0.3585685828003181	0.28571428571428564
0.25819888974716115	0.25819888974716115
0.801783725737273	0.801783725737273
0.7216878364870323	0.7216878364870323
0.5345224838248487	0.5345224838248487
0.7205766921228922	0.6324555320336759
0.7156780854205469	0.5017452060042545
0.3380617018914066	0.3380617018914066
0.5533985905294664	0.5262348115842176
0.2721655269759087	0.1666666666666667
0.4557327151876499	0.17407765595569785
0.3144854510165755	0.23904572186687872
0.5773502691896258	0.5773502691896258
0.8660254037844388	0.8660254037844388
0.26726124191242434	0.26726124191242434
0.7499999999999999	0.6
0.5163977794943222	0.4622501635210242
0.5976143046671968	0.5714285714285713
0.7715167498104596	0.7715167498104596
0.5976143046671968	0.5976143046671968
0.17677669529663687	0.17677669529663687
0.6695340634119862	0.50709255283711
0.408248290463863	0.4714045207910316
0.11180339887498948	0.11180339887498948
0.4999999999999999	0.4999999999999999
0.3380617018914066	0.3380617018914066
0.6681531047810608	0.6681531047810608
0.408248290463863	0.408248290463863
0.6681531047810608	0.6761234037828132
0.10910894511799621	0.12309149097933275
0.49999999999999994	0.4472135954999579
0.6130060338328882	0.5222329678670935
0.5773502691896258	0.5773502691896258
0.7302967433402215	0.7302967433402215
0.5477225575051662	0.5270462766947299
0.5855400437691198	0.545544725589981
0.7378647873726218	0.7559289460184543
0.3892494720807615	0.3481553119113957
0.19999999999999998	0.19999999999999998
0.11396057645963795	0.13363062095621217
0.3698001308168194	0.31622776601683794
0.1690308509457033	0.1690308509457033
0.3849001794597506	0.3944053188733077
0.6837634587578277	0.6681531047810608
0.2519763153394848	0.2519763153394848
0.2721655269759087	0.3142696805273545
0.0	0.0
0.6225430174794672	0.42640143271122083
0.29250896965085227	0.18181818181818182
0.4472135954999579	0.40089186286863654
0.7216878364870323	0.7216878364870323
0.38138503569823695	0.33541019662496846
0.15811388300841894	0.15811388300841894
0.3952847075210474	0.30618621784789724
0.7745966692414834	0.7745966692414834
0.7606388292556648	0.7606388292556648
0.50709255283711	0.50709255283711
0.5661385170722979	0.5163977794943223
0.282842712474619	0.282842712474619
0.2721655269759087	0.2721655269759087
0.19245008972987526	0.19245008972987526
0.1666666666666667	0.1666666666666667
0.4082482904638631	0.4082482904638631
0.7378647873726218	0.7378647873726218
0.41367015199601526	0.2142857142857143
0.0	0.0
0.16116459280507603	0.17342199390482396
0.7115124735378854	0.5345224838248487
0.4472135954999579	0.4472135954999579
0.4351941398892446	0.2357022603955158
0.4961389383568338	0.50709255283711
0.6396021490668312	0.47434164902525683
0.0	0.0
0.4714045207910316	0.4714045207910316
0.40422604172722154	0.3563483225498992
0.3872983346207417	0.4629100498862757
0.5477225575051662	0.5477225575051662
0.6172133998483676	0.6172133998483676
0.3144854510165755	0.3144854510165755
0.32444284226152503	0.28644594961577313
0.5222329678670935	0.502518907629606
0.6681531047810608	0.6681531047810608
0.5809475019311123	0.5604485383178051
0.3872983346207417	0.3872983346207417
0.2581988897471611	0.24019223070763074
0.6708203932499369	0.6708203932499369
0.8432740427115678	0.7715167498104596
0.7142857142857141	0.7142857142857141
0.44126130406091413	0.5715476066494082
0.547722557505166	0.5103103630798288
0.27500954910846337	0.2279211529192759
0.8749999999999999	0.8749999999999999
0.2357022603955159	0.2357022603955159
0.9045340337332909	0.8660254037844387
0.2519763153394848	0.2519763153394848
0.5443310539518174	0.6666666666666669
0.592999453328881	0.5853694070049636
0.18257418583505539	0.18257418583505539
0.4472135954999579	0.1690308509457033
0.6221710168382553	0.41666666666666663
0.30618621784789724	0.30618621784789724
0.4472135954999579	0.4472135954999579
0.253546276418555	0.11952286093343936
0.5520524474738834	0.4351941398892446
0.75	0.75
0.7826237921249264	0.7826237921249264
0.5477225575051662	0.3779644730092272
0.1091089451179962	0.1259881576697424
0.4879500364742665	0.4364357804719848
0.6299407883487119	0.6299407883487119
0.4545454545454546	0.4545454545454546
0.3162277660168379	0.3162277660168379
0.20412414523193154	0.20412414523193154
0.2886751345948129	0.2886751345948129
0.8164965809277261	0.8164965809277261
0.7877263614433762	0.7302967433402215
0.22645540682891918	0.22645540682891918
0.43301270189221935	0.2773500981126146
0.23145502494313785	0.273861278752583
0.3086066999241838	0.3086066999241838
0.48107023544236394	0.4291975376394761
0.408248290463863	0.408248290463863
0.5222329678670935	0.35355339059327373
0.5000000000000001	0.5000000000000001
0.4303314829119351	0.3849001794597505
0.4387634544762784	0.36363636363636365
0.4330127018922194	0.4330127018922194
0.5773502691896258	0.5773502691896258
0.44539933408304444	0.3508232077228117
0.4216370213557839	0.3779644730092272
0.22360679774997896	0.22360679774997896
0.46915743162841816	0.40360367639778744
0.5345224838248487	0.5345224838248487
0.8106792283998809	0.7035264706814485
0.5773502691896258	0.5773502691896258
0.7499999999999999	0.6
0.4387634544762784	0.6396021490668312
0.13363062095621217	0.13363062095621217
0.801783725737273	0.801783725737273
0.0	0.0
0.5892556509887895	0.5773502691896258
0.8666666666666667	0.7142857142857141
0.1889822365046136	0.1889822365046136
0.579750904364203	0.5051814855409226
0.5773502691896258	0.6123724356957946
0.4767312946227962	0.4472135954999579
0.09534625892455924	0.09534625892455924
0.5477225575051662	0.5477225575051662
0.7500000000000002	0.6666666666666667
0.30151134457776363	0.35355339059327373
0.8249579113843053	0.7302967433402215
0.8749999999999999	0.8749999999999999
0.7142857142857141	0.7142857142857141
0.2773500981126146	0.33968311024337877
0.6396021490668312	0.6249999999999999
0.2508726030021272	0.2508726030021272
0.49543369430686224	0.4670993664969138
0.5222329678670935	0.502518907629606
0.20412414523193154	0.20412414523193154
0.6546536707079773	0.6396021490668313
0.8432740427115678	0.7715167498104596
0.5661385170722979	0.5163977794943223
0.44901325506693723	0.3363363969981562
0.3380617018914066	0.3380617018914066
0.3162277660168379	0.3162277660168379
0.298142396999972	0.2449489742783178
0.3	0.12909944487358058
0.34020690871988585	0.3142696805273545
0.7745966692414833	0.6172133998483676
0.6761234037828132	0.6761234037828132
0.5892556509887895	0.5892556509887895
0.3333333333333333	0.2773500981126146
0.16903085094570333	0.2279211529192759
0.7905694150420948	0.7905694150420948
0.6030226891555273	0.6030226891555273
0.0912870929175277	0.1091089451179962
0.554700196225229	0.5270462766947299
