0.46
2.664
2.335
0.245
1.583
2.449
1.076
2.239
2.435
3.284
4.037
3.23
4.04
1.633
2.939
4.384
4.401
2.921
4.426
1.654
2.762
3.367
3.297
4.001
3.02
2.616
3.569
2.977
3.856
3.737
4.603
2.828
2.259
2.799
2.242
3.098
1.034
3.115
3.403
0.916
1.019
3.734
1.251
3.322
3.831
3.577
2.703
1.287
3.387
2.853
4.03
0.696
1.955
2.825
0.01
1.86
1.075
3.858
1.78
2.451
2.436
0.722
3.946
0.835
3.687
2.191
2.72
2.701
3.812
1.192
1.552
0.127
1.496
1.518
3.886
0.731
0
1.612
2.924
1.681
3.594
1.954
3.677
3.156
0.443
4.283
3.598
2.96
3.329
3.114
3.343
2.452
1.294
0.964
3.452
3.253
0.508
0.636
3.116
0.788
3.816
0.177
1.61
4.247
3.354
1.743
4.007
2.107
3.37
1.369
4.404
1.801
2.026
2.159
1.231
3.108
1.664
2.416
3.355
3.617
0.462
0.38
3.067
1.041
3.927
2.433
3.739
0.769
3.043
0.885
1.505
2.005
1.103
0.852
3.367
3.538
1.392
2.194
1.715
2.224
1.364
1.772
2.996
0.852
0.887
3.838
4.236
1.879
0.831
0.63
3.19
1.184
0.674
3.323
3.532
1.353
1.079
1.665
3.959
3.319
1.711
3.169
1.359
2.343
2.677
2.493
1.979
3.163
4.073
2.77
1.757
2.064
2.091
1.453
1.866
1.535
4.131
5
1.877
2.744
2.078
2.563
1.648
2.005
1.632
3.83
2.3
2.808
3.092
1.604
4.256
2.617
1.579
1.533
2.952
2.025
1.685
3.319
3.57
0.957
3.869
1.679
4.064
2.532
3.235
0.989
1.352
4.164
3.418
2.883
4.497
1.484
3.316
2.022
3.918
1.913
3.973
0.646
1.842
2.713
3.143
3.184
3.754
1.987
5
1.038
2.845
1.961
1.271
1.581
2.673
3.995
3.399
2.392
4.369
4.56
2.076
4.348
3.535
0.897
5
2.036
0.702
2.383
3.971
2.206
1.287
1.987
3.143
0