3.805
3.077
3.533
3.248
3.726
3.589
4.294
1.619
1.931
0.204
2.916
4.199
1.373
1.313
2.182
4.383
1.472
3.086
1.074
4.151
2.434
1.016
0
0.826
2.818
3.555
2.107
1.286
1.114
1.293
0.314
3.706
3.882
4.379
3.458
1.81
3.555
0.393
0.659
3.97
3.564
4.592
4.713
1.936
2.438
3.114
4.555
1.953
3.114
2.178
4.218
2.615
1.785
0.347
1.336
1.693
0.477
2.912
3.42
3.449
1.297
2.759
0.325
0
1.446
4.172
1.961
5
4.375
4.28
2.123
1.842
1.119
1.507
3.178
3.147
1.99
3.83
1.115
1.441
1.845
1.998
1.156
2.625
4.361
2.17
2.431
2.847
4.129
3.764
0.738
1.736
3.326
2.203
2.055
3.516
2.47
1.771
0.235
1.805
3.671
4.162
1.904
5
2.559
1.001
5
3.834
1.907
1.351
2.802
2.135
2.157
3.372
2.452
0.718
4.329
0.602
2.833
4.086
3.906
1.706
2.923
4.127
2.864
4.564
0.45
1.954
1.622
1.418
3.829
4.129
0.28
0.284
2.995
0.308
3.096
4.083
1.049
3.369
3.358
2.247
4.065
1.696
0.374
3.649
0.223
4.577
4.666
0.033
0.461
4.564
2.942
1.942
4.861
2.201
0
0.926
4.21
1.419
1.598
4.489
1.804
3.17
0.007
0.257
2.455
2.312
3.765
3.948
1.544
0.803
3.915
1.983
2.383
2.912
1.942
4.203
4.327
0.824
2.507
0.255
0.009
4.38
3.648
2.605
4.603
3.992
4.577
4.092
1.403
1.652
2.621
2.986
1.375
2.302
0.784
3.319
2.744
2.824
2.202
4.084
2.806
3.394
0.576
0.037
4.788
4.568
0.661
4.245
4.459
4.496
3.197
0.947
2.632
1.852
3.434
2.403
0.303
3.773
1.926
2.033
2.853
0.884
0.067
3.728
4.29
2.441
3.365
3.844
1.032
4.545
1.883
3.484
4.17
2.285
1.565
2.914
3.565
4.907
2.335
0.806
2.819
2.646
2.404
0.888
1.1
1.077
4.236
4.749