1.557
2.836
4.539
1.66
2.969
3.478
1.915
1.157
4.068
2.543
3.439
3.372
3.824
3.189
2.158
0
4.216
2.072
1.198
0.773
1.126
2.574
3.213
1.71
0.62
3.338
1.044
0.371
2.439
1.333
3.564
0.82
1.9
3.83
4.174
0.678
1.83
3.887
0.207
2.233
2.282
1.962
2.977
4.249
3.424
2.401
3.328
4.266
2.267
3.908
2.656
1.459
0.933
0.6
1.106
3.673
0.4
1.957
1.954
4.229
3.278
3.962
0
3.399
1.834
3.349
3.613
3.625
4.201
1.885
0.131
1.098
2.977
4.713
2.153
2.975
3.976
4.692
3.852
3.97
4.504
1.396
0.138
0.719
0.366
4.02
4.296
2.877
3.689
0.219
0.741
0.591
1.811
1.346
3.84
0.163
2.863
3.666
0.011
0.96
3.552
1.949
1.195
2.113
0.63
3.001
1.497
0
2.02
1.802
2.947
1.185
3.335
4.26
2.668
2.867
2.37
0.944
3.647
2.993
2.017
0.163
2.267
3.607
2.548
2.452
4.432
2.02
1.88
3.841
3.705
3.043
1.783
1.175
2.756
2.755
0.793
3.207
1.649
2.721
0.994
3.879
3.919
2.148
2.474
3.016
2.776
0.471
4.12
2.351
0.232
1.295
2.389
3.943
2.279
3.744
4.067
2.341
1.726
2.986
2.08
1.485
1.379
3.881
0.722
0.369
4.503
1.577
3.392
0.577
4.033
2.164
1.261
3.224
0.506
0.4
4.212
3.354
0.556
3.433
2.656
3.563
3.123
2.668
3.762
3.029
1.193
2.012
1.388
1.669
3.343
2.492
3.222
2.524
0.513
2.791
1.055
2.231
2.687
2.285
3.089
3.111
0.129
1.689
2.245
2.107
0.755
2
2.706
2.608
1.151
1.312
0.616
2.143
2.427
1.086
4.52
2.903
0.713
3.354
3.701
0.032
0.966
3.25
3.249
0.138
3.425
0.322
3.054
2.682
4.445
3.192
3.623
0.292
4.085
2.545
1.688
0.725
2.249
1.878
1.626
1.938
3.476
1.479
1.515
2.154
3.214
3.32
2.445
1.707
3.46
3.72
1.403
2.687
3.425
2.984
2.32
3.529
3.059
1.699
1.736
1.578
4.268
1.765
4.119
1.336
3.534
4.27
3.248
1.997
0.081
2.039
4.543
2.554
1.001
1.563
3.581
1.418
4.747
1.703
3.607
2.743
2.126
0.158
3.462
2.001
2.908
1.642
0.585
0.196
4.163
0.067
2.839
4.204
4.541
1.733
1.618
4.215
4.378
3.681
2.226
0.459
4.252
3.467
2.155
2.604
0.238
3.451
2.807
4.085
3.03
3.678
2.821
0.51
3.443
0.894
0.554
2.992
1.588
2.211
1.427
0.835
3.082
3.291
4.015
4.217
1.211
1.345
2.251
1.113
2.087
3.458
1.82
2.651
1.28
4.112
5
3.15
2.366
4.252
4.537
2.028
0.918
0.423
0.947
2.361
3.191
2.764
3.414
0.468
1.892
2.271
0.08
1.875
3.006
0.867
3.893
0.754
2.279
0.353
2.918
3.781
1.414
3.447
3.973
3.218
0
1.874
2.346
2.174
1.908
3.739
2.233
3.706
2.419
1.813
4.273
4.394
2.077
1.17
2.396
2.869
1.361
3.953
3.41
2.12
1.78
3.222
0.21
3.42
2.271
0.092
1.943
1.491
2.141
2.944
2.805
2.688
4.035
3.889
1.51
1.81
0.608
3.02
3.804
0.782
1.965
0.276
2.25
2.686
3.742
2.881
2.007
1.24
3.542
1.345
2.831
0.894
0.21
3.227
1.917
0.158
2.813
3.319
2.177
0
0.891
3.726
1.784
1.505
3.78
3.284
2.304
3.101
2.423
2.044
1.476
1.431
4.043
3.139
0.639
2.968
0.974
3.596
0.851
1.48
1.303
0.236
1.74
4.371
3.097
3.502
0.559
3.5
3.467
3.465
3.218
2.275
3.703
3.582
1.873
2.082
4.305
0.151
2.63
0
3.162
1.409
2.046
4.188
3.406
2.303
1.98
0.607
4.579
2.532
1.094
0.819
2.336
1.874
3.47
1.185
0.102
2.375
1.312
1.707
2.274
1.183
2.514
2.581
1.625
1.782
2.13
1.592
1.132
0.937
1.157
3.689
2.892
1.256