0.075
2.333
1.558
2.61
1.894
2.298
1.477
1.36
1.86
1.658
3.067
3.31
2.217
0.753
3.881
3.237
1.898
1.976
4.576
2.269
3.901
0.273
3.365
0.211
0.552
3.622
2.548
1.521
1.861
1.89
0.765
0.247
1.91
1.756
2.407
2.335
1.282
4.761
1.276
3.021
1.872
3.353
2.514
1.828
4.199
4.465
3.564
2.972
2.104
1.189
1.925
1.476
2.012
4.282
3.788
3.184
3.684
1.463
3.879
1.817
3.744
0.161
4.06
3.042
4.617
0.037
1.405
4.386
2.31
4.106
0.45
2.907
3.827
3.439
4.203
2.297
1.842
1.023
0.358
4.18
1.051
2.69
1.939
1.864
4.176
3.832
0.547
3.451
4.829
4.708
1.284
3.994
1.662
1.142
4.087
1.546
2.001
3.858
1.074
1.873
3.566
0.618
4.236
3.569
2.046
1.711
3.953
3.887
3.219
1.448
0.847
1.726
3.377
1.567
1.524
2.733
0.475
1.44
1.598
2.681
3.037
1.971
0.282
2.267
1.441
1.737
3.113
3.663
2.69
0
4.085
2.571
0.813
0.604
3.896
3.147
0.354
2.467
2.705
0.757
2.292
3.628
3.288
4.071
1.376
1.03
2.89
1.714
3.026
1.792
4.563
1.853
3.85
3.262
1.658
0.883
4.072
1.613
2.911
3.922
2.582
3.67
3.149
2.468
2.889
2.157
1.472
3.011
3.1
0.883
0.365
1.467
3.657
1.747
1.81
2.377
3.342
3.396
3.085
1.572
1.48
0.626
4.123
1.748
3.531
1.317
1.442
0.816
1.184
1.705
1.779
0.525
4.211
1.79
2.546
0.87
2.801
1.643
0.96
3.629
3.805
0.05
3.084
0.429
0.102
3.651
0.685
5
3.541
3.856
2.199
3.143
2.051
2.302
2.922
4.539
0.883
1.752
3.363
1.641
0.932
2.597
0.182
2.695
2.205
1.408
1.424
0.896
0.425
4.284
1.834
4.487
0.713
3.376
2.042
2.3
3.854
0.475
3.899
2.669
1.733
1.7
3.811
4.281
1.84
1.154
3.44
0.337
3.821
0.593