3.393
1.342
0.746
1.475
3.529
3.895
2.269
3.287
3.85
3.03
3.47
2.196
1.073
1.358
1.826
3.069
3.377
1.534
2.412
2.318
3.046
1.683
1.654
1.472
1.105
2.716
2.825
0.37
1.408
3.958
2.826
4.047
4.26
0.291
1.903
0.635
0.255
4.564
1.14
1.937
3.23
2.92
0.376
4.122
2.839
2.698
0.875
1.371
2.918
1.766
2.493
3.239
0.516
1.812
1.803
1.926
1.554
1.357
3.676
2.034
0.846
2.497
2.774
2.796
2.392
0.044
2.604
3.001
2.449
1.965
1.817
2.634
3.995
0.076
1.615
3.426
3.778
2.395
4.018
3.549
1.733
1.189
0.269
0.224
1.114
2.347
4.578
2.482
2.81
2.405
2.898
4.066
3.066
0.031
2.798
3.99
1.435
3.011
0.611
2.492
2.338
2.635
0.527
3.562
3.154
2.185
4.135
2.208
3.499
3.804
2.103
1.997
0.553
1.486
0.113
4.025
3.801
2.214
2.131
0.785
0.987
0.386
0.861
4.2
2.848
0.513
1.574
4.314
3.889
2.64
1.903
1.173
1.731
1.323
0.53
2.096
3.863
1.289
0.232
2.021
2.511
2.365
0
3.203
3.515
0.243
1.143
1.383
3.078
3.2
3.411
0.535
0.719
2.621
3.489
2.91
2.909
1.732
3.763
3.537
3.311
3.483
2.69
0.538
4.574
2.096
4.303
0.623
4.276
3.551
2.482
0.347
2.084
2.228
3.038
0.603
2.607
4.079
4.341
0.196
0.665
2
3.146
2.411
0.627
2.053
0.774
4.326
4.246
0.667
1.804
2.388
3.015
3.344
2.136
1.643
3.83
2.886
2.137
0.223
2.245
1.042
0.103
0.972
2.007
0.884
4.408
3.264
2.559
2.929
1.43
3.985
0.25
2.723
2.632
2.489
2.743
2.117
2.627
1.38
2.352
2.442
2.968
3.912
3.128
4.255
1.134
3.68
1.794
1.89
2.812
1.035
3.679
4.494
3.272
1.678
2.742
0.513
1.441
0.572
1.945
2.202
3.871
2.992
0.537
1.985
3.812
3.751
0.717
2.147