3.387
1.526
1.968
1.623
2.79
3.108
2.191
1.425
0.134
4.338
3.222
2.942
4.878
4.857
2.639
3.168
1.044
4.51
3.658
0.27
2.022
1.555
1.936
3.668
1.918
1.106
3.653
4.397
0.697
1.093
2.634
3.536
2.629
2.029
2.68
2.291
3.987
2.873
4.205
1.506
2.727
3.866
2.332
3.457
1.592
4.2
1.32
3.375
2.332
0.987
3.156
3.333
2.649
2.718
1.297
1.029
3.765
4.928
1.907
2.269
2.22
1.849
0.497
0.555
2.973
1.433
2.611
1.527
1.85
2.593
4.574
2.291
3.204
2.191
3.665
3.818
3.471
3.261
4.645
4.488
4.183
0.385
3.633
3.874
4.708
2.331
3.872
1.304
3.324
0.725
3.173
4.505
3.492
4.6
1.353
3.07
3.138
2.617
3.294
3.129
3.496
2.915
0.372
3.23
2.059
3.854
2.69
3.391
1.946
3.498
3.743
2.996
2.276
1.992
4.133
3.566
5.000
1.952
1.388
3.649
4.285
2.159
4.224
2.715
2.017
2.064
2.908
2.907
4.041
3.771
1.926
1.836
5.000
3.824
1.795
1.356
1.169
3.5
0.361
2.012
0.623
1.026
3.227
2.572
1.487
3.975
2.061
4.504
3.447
1.456
4.147
3.606
3.804
4.61
4.29
1.685
2.233
3.105
1.821
3.714
3.342
0.686
4.116
4.927
2.504
4.449
2.022
2.181
2.592
2.77
2.557
4.544
3.119
2.067
2.981
0.817
0.814
1.572
0.957
2.03
3.511
1.973
3.997
4.51
2.174
4.224
2.902
1.978
3.813
0.182
1.036
3.483
4.026
2.055
0.972
3.705
2.622
0.585
2.708
4.73
1.258
3.076
0.941
3.471
3.438
2.906
2.722
1.14
2.095
4.118
1.43
2.603
1.974
3.973
2.258
3.808
2.324
4.746
1.541
4.477
2.521
4.27
1.735
3.044
3.812
3.938
4.149
2.609
3.488
2.019
2.165
1.437
3.619
3.872
3.057
1.15
3.298
3.203
2.316
2.646
4.024
0.000
0.731
3.74
0.887
4.639
3.087
4.213
3.408
3.788