4.38
4.728
3.876
3.89
4.247
4.371
3.418
4.212
4.602
4.292
4.052
4.373
3.033
3.611
4.468
3.806
4.415
3.825
4.452
4.407
4.481
3.625
4.341
3.639
4.376
4.136
4.156
4.381
4.248
3.97
3.926
4.867
4.122
4.199
4.185
3.35
4.59
4.45
4.179
4.32
3.822
3.956
4.209
3.35
3.601
4.099
4.05
4.414
4.081
4.341
4.116
3.973
4.475
4.579
3.977
4.195
4.072
4.216
4.858
3.676
4.49
4.158
4.456
4.453
4.227
4.084
3.933
4.18
4.752
4.711
5
4.358
4.08
4.443
4.321
4.081
3.965
4.33
3.885
4.443
4.616
4.153
4.389
4.084
4.199
4.185
4.444
4.381
4.558
4.874
4.153
0.55
4.281
5
3.808
4.245
4.197
3.401
3.993
4.453
3.965
4.156
4.372
4.589
4.579
4.087
4.101
5
4.18
3.906
3.711
4.116
4.557
3.013
4.657
4.476
4.455
4.014
4.487
4.018
4.415
4.27
4.953
3.497
4.326
4.681
3.861
4.646
3.838
4.245
4.782
5
4.369
4.731
3.999
3.926
3.836
5
4.728
4.13
4.848
3.827
4.312
4.245
4.431
2.867
4.038
2.905
4.325
1.458
4.15
0.325
4.198
3.626
4.871
4.971
4.13
4.046
4.089
4.495
2.533
4.545
5
4.498
4.706
2.808
4.345
4.064
4.628
4.319
4.146
3.704
2.69
4.971
4.722
2.735
4.33
4.868
5
4.206
4.72
4.681
4.442
4.1
4.195
4.711
4.423
4.752
4.674
4.197
3.964
4.338
3.72
3.936
4.364
2.075
4.602
4.047
4.366
2.412
4.284
4.502
5
3.639
4.009
4.946
5
3.67
2.938
4.567
4.045
4.671
5
4.842
4.156
4.306
4.151
3.808
2.75
5
4.159
4.584
3.988
3.989
4.292
4.072
3.611
4.383
4.373
4.371
4.018
4.064
4.795
4.464
4.468
4.72
1.458
3.28
4.306
4.722
4.952
4.421
3.954
4.502
4.112
4.213
3.861
4.01
4.023
4.442