3.9795
1.5905
2.3126
3.1993
3.6898
5
2.5903
1.9272
1.1635
4.6373
3.6254
3.6668
5
5
4.2217
3.5975
2.827
4.5734
4.1121
0.9261
2.365
2.6376
3.6419
4.3927
4.2841
1.4745
4.4029
4.8233
0.9993
2.31
4.2663
5
3.0543
2.3575
3.6075
3.5012
4.6094
2.7072
4.7322
1.802
2.6719
4.4639
2.2133
4.6573
3.6388
4.7786
4.1753
4.6298
2.6119
2.0698
4.2616
3.8262
3.1685
2.6239
1.8447
2.1654
3.8006
5
3.5789
3.7158
3.1513
2.19
1.8291
0.8354
4.7631
2.8518
3.6038
2.3881
2.635
3.1655
4.8811
3.319
4.4263
0.838
3.7808
3.7982
4.4844
4.6808
4.3781
4.7232
5
2.6754
3.8037
4.4331
4.9531
3.4906
4.5902
1.933
3.4729
1.3343
3.5355
4.6767
4.4236
5
3.5625
3.6409
2.1122
3.124
3.8782
2.6576
4.3278
4.1819
0
4.572
1.7962
4.0284
4.2974
4.6286
2.8508
3.787
3.9424
3.5184
3.8407
2.7915
5
3.8843
5
3.5913
1.8227
4.7253
4.8918
2.8262
3.8602
3.729
4.1462
2.6844
2.5599
3.0442
4.7691
4.5812
3.1384
1.7647
4.8962
3.8327
1.7
1.8646
2.5846
3.4855
0.6552
4.6672
0.918
2.6648
4.2136
2.6467
1.9451
4.7338
2.1937
5
3.7651
2.1974
4.8743
4.8283
4.5522
5
4.8052
1.7389
3.7817
3.4219
1.1452
3.7752
4.1535
0.1346
4.7827
5
2.1399
4.3454
2.7821
3.1049
2.687
4.3289
3.7536
5
2.4578
2.9351
3.7253
1.3979
3.038
2.6627
1.1017
3.4028
3.9541
2.5028
4.8754
4.9614
3.6808
5
2.4955
2.3378
3.7252
0.9552
2.4517
4.3281
4.2311
2.7624
2.4958
3.9278
3.4071
1.2443
2.4365
4.4304
1.5231
3.0664
1.843
4.6319
4.1029
4.8794
3.4099
2.483
3.0179
3.6317
1.595
3.9658
2.9831
4.3488
4.5924
4.8756
2.767
4.8141
2.9893
4.1134
4.2327
3.6518
1.9374
3.3135
4.699
4.8298
5
3.31
2.6073
2.4551
4.7449
4.0354
3.947
4.3827
4.3414
1.6856
3.1314
4.1876
1.7729
3.6826
4.2801
0.1187
2.117
4.0658
0.7119
5
3.9188
4.8945
4.293
4.4942
