0.8972
4.5185
2.2119
1.0546
2.3492
2.4824
1.19
2.2193
2.5698
3.6785
4.5125
2.4663
4.6892
2.702
4.3767
4.9124
4.5734
4.3394
5
1.7293
4.3984
4.7277
3.6865
4.1233
2.8609
4.3211
3.1567
4.4804
4.8755
4.6855
4.9543
3.2939
3.061
3.7473
3.8079
3.0281
3.1171
4.7061
5
2.4855
1.202
3.7586
1.328
3.369
4.8282
3.6392
4.2066
2.9335
3.9949
3.4734
4.1501
2.2653
2.5299
2.4778
0.848
1.6883
1.8093
4.2346
3.6848
2.3737
2.4997
2.0619
4.6753
1.4812
3.8556
2.3335
3.5221
2.6338
5
1.0082
2.2359
1.5359
1.8271
1.8194
4.1827
1.2462
1.105
2.9616
3.8271
0.6575
4.059
3.0278
4.1026
3.6339
1.6467
5
4.0323
3.5341
4.6904
3.5201
4.0009
3.4532
1.8595
1.1135
4.6823
4.5734
1.3247
1.4184
4.1612
1.0135
4.0115
1.2072
3.0281
4.5256
3.6942
3.59
4.6023
2.5341
3.2352
3.3381
4.8552
2.4142
2.5299
3.8433
1.6278
4.0915
2.5771
3.2707
4.1165
4.0114
1.9234
0
3.4456
2.7905
4.3027
4.0918
4.6591
2.6715
3.5253
3.7008
2.7958
1.7293
1.2051
2.0293
4.5823
4.6185
3.1595
2.3454
1.3404
2.2554
3.7465
3.0346
4.0986
2.2459
1.6705
4.214
5
3.4687
1.6964
1.7406
3.3731
2.0659
0.7928
4.3852
4.3923
2.3967
2.6528
1.6816
3.7076
3.4755
1.373
3.6887
1.5692
3.7347
2.1569
2.3144
2.7464
3.582
4.4313
3.0638
3.0907
3.0271
3.7884
3.0977
2.6104
2.7236
3.9596
5
1.6885
2.0307
3.0723
2.9475
3.063
4.4868
2.3597
4.3558
2.9755
2.9397
3.0259
3.9145
4.3756
4.2459
3.4079
2.3446
3.2633
2.0363
2.2396
3.792
3.3668
1.8756
4.3505
2.3908
4.7294
4.71
3.1218
1.2607
1.7211
5
4.2263
3.4079
5
2.6736
3.9126
2.978
4.5985
3.7509
3.3043
2.0386
3.0949
2.5385
4.4165
3.7409
3.2114
2.3956
5
2.0596
3.849
3.1188
0.5469
1.7793
3.9867
3.6787
4.2471
4.0523
5
5
3.4682
4.9896
3.2786
3.2138
5
0.9567
2.617
3.7489
4.4077
3.8427
1.3188
2.5458
5
1.67
