0.32274861218395146	0.32338083338177726
0.7999999999999999	0.7999999999999999
1.0000000000000002	1.0000000000000002
0.5555555555555556	0.5000000000000001
0.5948118774794626	0.47434164902525694
0.7171371656006361	0.7142857142857141
0.7606388292556651	0.6681531047810608
0.25	0.21081851067789195
0.8451542547285165	0.8451542547285165
0.20412414523193154	0.20412414523193154
0.4444444444444444	0.5443310539518174
0.5000000000000001	0.5000000000000001
0.5892556509887895	0.5892556509887895
0.6837634587578277	0.6681531047810608
0.6686478498357318	0.47809144373375745
0.5368754921931593	0.2519763153394848
0.7499999999999999	0.7499999999999999
0.40422604172722154	0.3333333333333333
0.3333333333333334	0.3333333333333334
0.07856742013183862	0.10540925533894598
0.5039526306789696	0.5039526306789696
0.6	0.6
0.5892556509887895	0.5892556509887895
0.1178511301977579	0.14433756729740646
0.408248290463863	0.35355339059327373
0.6123724356957946	0.5892556509887895
0.6674238124719147	0.5345224838248487
0.14907119849998596	0.14907119849998596
0.4444444444444444	0.4444444444444444
0.316227766016838	0.1878672873255448
0.629940788348712	0.6172133998483676
0.5156879540323449	0.31622776601683794
0.6666666666666669	0.6666666666666669
0.5	0.5
0.801783725737273	0.7526178090063819
0.32732683535398865	0.36927447293799825
0.6	0.6
0.7171371656006361	0.7142857142857141
0.5	0.5
0.4364357804719848	0.4364357804719848
0.2611164839335468	0.20100756305184242
0.521749194749951	0.4564354645876385
0.7999999999999999	0.7999999999999999
0.7698003589195012	0.7777777777777779
0.6471502289294339	0.6471502289294339
0.7071067811865475	0.5477225575051662
0.3380617018914066	0.3380617018914066
0.6708203932499369	0.6708203932499369
0.5103103630798288	0.4714045207910316
0.686406472983644	0.686406472983644
0.5222329678670935	0.5103103630798288
0.47809144373375745	0.3223291856101521
0.4767312946227962	0.26726124191242434
0.47434164902525683	0.47434164902525683
0.37267799624996495	0.19245008972987526
0.6289709020331509	0.5976143046671968
0.35355339059327373	0.39223227027636803
0.3273268353539886	0.3779644730092272
0.6804138174397717	0.6666666666666669
0.7272727272727274	0.7462025072446364
0.5962847939999438	0.5962847939999438
0.8504200642707612	0.7302967433402215
0.23904572186687872	0.23904572186687872
0.7171371656006361	0.7142857142857141
0.4216370213557839	0.3872983346207417
0.6681531047810608	0.6681531047810608
0.565685424949238	0.50709255283711
0.7483314773547883	0.6674238124719147
0.7142857142857141	0.7142857142857141
0.42426406871192845	0.42257712736425834
0.41391867719235786	0.16903085094570333
0.10540925533894598	0.10540925533894598
0.7999999999999999	0.7999999999999999
0.8944271909999159	0.8944271909999159
0.4330127018922194	0.4330127018922194
0.7171371656006362	0.7142857142857141
0.6299407883487119	0.6299407883487119
0.9999999999999997	0.9999999999999997
0.5590169943749475	0.6405126152203486
0.6708203932499369	0.6708203932499369
0.7715167498104596	0.7715167498104596
0.0	0.0
0.3380617018914066	0.3380617018914066
0.3892494720807615	0.2041241452319315
0.3162277660168379	0.3162277660168379
0.7559289460184544	0.7715167498104596
0.7302967433402217	0.7378647873726218
0.5773502691896258	0.5773502691896258
0.49051147158797265	0.5303300858899106
0.35355339059327373	0.35355339059327373
0.4082482904638631	0.4082482904638631
0.32732683535398865	0.32732683535398865
0.5345224838248488	0.39223227027636803
0.13900960937138318	0.17213259316477406
0.4999999999999999	0.4999999999999999
0.22360679774997896	0.22360679774997896
0.6748819059987712	0.53813823519705
0.4472135954999579	0.4472135954999579
0.4629100498862757	0.4629100498862757
0.3086066999241838	0.3086066999241838
0.591520481751277	0.5009794328681195
0.4677071733467427	0.3344968040028363
0.5547001962252293	0.29814239699997197
0.6669729688499157	0.5853694070049636
0.472455591261534	0.42640143271122083
0.5833333333333335	0.4444444444444444
0.23328473740792174	0.21320071635561044
0.2222222222222222	0.13608276348795434
0.2817180849095055	0.2666666666666666
0.5084751798731268	0.42008402520840293
0.5677749739576688	0.5303300858899106
0.33541019662496846	0.2480694691784169
0.7844645405527362	0.7
0.9428090415820634	0.9428090415820634
0.7378647873726218	0.7378647873726218
0.7378647873726218	0.6172133998483676
0.7905694150420948	0.6681531047810608
0.3651483716701108	0.3651483716701108
0.6249999999999999	0.6249999999999999
0.06482037235521644	0.14433756729740646
0.5661385170722979	0.5163977794943223
0.28571428571428564	0.28571428571428564
0.4181210050035454	0.39223227027636803
0.8571428571428569	0.8571428571428569
0.8046797987672247	0.6154574548966638
0.2886751345948129	0.2886751345948129
0.9999999999999999	0.9999999999999999
0.2357022603955158	0.2357022603955158
0.24525573579398632	0.22613350843332272
0.8944271909999161	0.8249579113843054
0.7412493166611013	0.6674238124719147
0.7035264706814485	0.7035264706814485
0.2886751345948129	0.2886751345948129
0.07692307692307693	0.08770580193070293
0.6708203932499369	0.6708203932499369
0.3162277660168379	0.3162277660168379
0.5000000000000001	0.4444444444444444
0.7302967433402217	0.6299407883487119
0.5345224838248488	0.47809144373375745
0.5163977794943223	0.47434164902525694
0.4629100498862757	0.4629100498862757
0.6804138174397717	0.6804138174397717
0.7905694150420948	0.7999999999999999
0.4853626716970755	0.22360679774997896
0.4003203845127179	0.3651483716701108
0.8581163303210333	0.801783725737273
0.5017452060042544	0.4767312946227962
0.4193139346887673	0.3585685828003181
0.8749999999999999	0.8749999999999999
0.4879500364742665	0.4285714285714285
0.4472135954999579	0.40089186286863654
0.33384893044479436	0.30316953129541624
0.5604485383178051	0.5270462766947299
0.7216878364870323	0.7216878364870323
0.3333333333333334	0.3333333333333333
0.7126966450997985	0.7035264706814485
0.7660323462854264	0.7016464154456235
0.5459208336840117	0.42640143271122083
0.3464101615137754	0.2981423969999719
0.7356829380292479	0.5520524474738834
0.7999999999999999	0.7999999999999999
0.6324555320336758	0.6
0.37267799624996495	0.37267799624996495
0.5962847939999439	0.5962847939999439
0.2041241452319315	0.2041241452319315
0.502518907629606	0.2886751345948129
0.8908708063747481	0.7999999999999999
0.5809475019311126	0.3849001794597505
0.4714045207910316	0.4714045207910316
0.2956561979945413	0.1889822365046136
0.5345224838248487	0.5345224838248487
0.5707817929853929	0.41403933560541256
0.36927447293799825	0.2886751345948129
0.7701540462154055	0.7035264706814485
0.19245008972987526	0.19245008972987526
0.3086066999241838	0.3086066999241838
0.6000991981489792	0.6923076923076923
0.6249999999999999	0.6249999999999999
0.1091089451179962	0.1091089451179962
0.4853626716970756	0.5262348115842176
0.35478743759344955	0.2860387767736777
0.6139406135149206	0.6289709020331509
0.39999999999999997	0.39999999999999997
0.4629100498862757	0.4629100498862757
0.6761234037828132	0.6761234037828132
0.5477225575051662	0.5477225575051662
0.5477225575051662	0.5477225575051662
0.294174202707276	0.33541019662496846
0.5715476066494082	0.5477225575051662
0.6172133998483678	0.502518907629606
0.7035264706814485	0.5773502691896258
0.35355339059327373	0.35355339059327373
0.8888888888888891	0.8333333333333336
0.5773502691896258	0.40360367639778744
0.3086066999241838	0.3086066999241838
0.6804138174397717	0.6666666666666669
0.7378647873726218	0.6172133998483676
0.11180339887498948	0.12126781251816648
0.4444444444444444	0.4444444444444444
0.47809144373375745	0.47809144373375745
0.6784005252999682	0.588348405414552
0.5728918992315463	0.5477225575051662
0.0	0.0
0.6482037235521645	0.502518907629606
0.5838403593598095	0.37573457465108967
0.36514837167011077	0.36514837167011077
0.42640143271122083	0.3749999999999999
0.5000000000000001	0.5000000000000001
0.3779644730092272	0.3779644730092272
0.19999999999999998	0.19999999999999998
0.493914580573631	0.2773500981126146
0.16169041669088863	0.1781741612749496
0.529237746757157	0.35805743701971643
0.2357022603955159	0.2357022603955159
0.554700196225229	0.5270462766947299
0.33541019662496846	0.26726124191242434
0.7302967433402217	0.7378647873726218
0.5976143046671968	0.5976143046671968
0.4537426064865151	0.20100756305184242
0.7911548052852398	0.5976143046671968
0.7777777777777779	0.7777777777777779
0.5872202195147035	0.3030457633656632
0.1666666666666667	0.1666666666666667
0.4714045207910316	0.4714045207910316
0.3418817293789138	0.3418817293789138
0.6	0.6
0.64888568452305	0.6396021490668312
0.3692744729379983	0.30151134457776363
0.7500000000000001	0.5773502691896258
0.5443310539518174	0.5443310539518174
0.6123724356957946	0.6123724356957946
0.4743416490252569	0.43852900965351466
0.6666666666666666	0.6666666666666666
0.1690308509457033	0.1690308509457033
0.8749999999999999	0.8749999999999999
0.629940788348712	0.502518907629606
0.5477225575051662	0.5477225575051662
0.3698001308168194	0.31622776601683794
0.4850712500726658	0.44543540318737396
0.4285714285714285	0.4285714285714285
0.3442651863295481	0.28867513459481287
0.2357022603955158	0.2357022603955158
0.8164965809277264	0.7378647873726218
0.2519763153394848	0.2519763153394848
0.5883484054145521	0.33333333333333326
0.4714045207910316	0.4330127018922194
0.38575837490522985	0.38575837490522985
0.49029033784546006	0.5590169943749475
0.3872983346207417	0.3086066999241838
0.6666666666666667	0.5000000000000001
0.5477225575051662	0.5477225575051662
0.7526178090063818	0.6708203932499369
0.5604485383178051	0.4216370213557839
0.4472135954999579	0.4472135954999579
0.9	0.8571428571428569
0.7715167498104596	0.7715167498104596
0.8888888888888888	0.8333333333333336
0.6708203932499369	0.6681531047810608
0.7777777777777779	0.6
0.46420708254852755	0.4522670168666455
0.5321811563901744	0.38138503569823695
0.282842712474619	0.282842712474619
0.9036961141150641	0.9258200997725515
0.3202563076101743	0.31622776601683794
0.7071067811865477	0.7071067811865477
0.5039526306789696	0.4629100498862757
0.7543365091413573	0.618718433538229
0.8660254037844388	0.8888888888888891
0.6943650748294136	0.686406472983644
0.3198010745334156	0.3198010745334156
0.33541019662496846	0.26726124191242434
0.502518907629606	0.502518907629606
0.6666666666666666	0.7071067811865475
0.8571428571428569	0.8571428571428569
0.36514837167011077	0.36514837167011077
0.2886751345948129	0.2886751345948129
0.5262348115842176	0.6
0.5809475019311124	0.4803844614152615
0.801783725737273	0.801783725737273
0.5773502691896258	0.5773502691896258
0.6299407883487119	0.6299407883487119
0.6308932681440447	0.5017452060042545
0.2727272727272727	0.2727272727272727
0.5773502691896258	0.5773502691896258
0.7272727272727274	0.7272727272727274
0.6546536707079772	0.6299407883487119
0.7715167498104596	0.7715167498104596
0.5555555555555556	0.3333333333333334
0.25819888974716115	0.25819888974716115
0.26726124191242434	0.26726124191242434
0.4330127018922194	0.4330127018922194
0.282842712474619	0.1690308509457033
0.27386127875258315	0.27386127875258315
0.5773502691896258	0.5773502691896258
0.8838834764831843	0.8944271909999159
0.5039526306789696	0.5039526306789696
0.20412414523193154	0.20412414523193154
0.7669649888473705	0.762770071396474
0.7715167498104596	0.7715167498104596
0.4	0.47809144373375745
0.6350852961085884	0.554700196225229
0.408248290463863	0.408248290463863
0.7999999999999999	0.7999999999999999
0.6917144638660745	0.533001790889026
0.5400617248673216	0.45291081365783836
0.5962847939999439	0.4811252243246882
0.4472135954999579	0.4472135954999579
0.6024640760767093	0.5773502691896258
0.5698028822981898	0.42874646285627205
0.8249579113843054	0.8249579113843054
0.5773502691896258	0.5773502691896258
0.7142857142857141	0.7142857142857141
0.6196773353931866	0.4900980294098034
0.26726124191242434	0.26726124191242434
0.6154574548966638	0.5773502691896258
0.5773502691896258	0.408248290463863
0.2357022603955158	0.2357022603955158
0.4743416490252569	0.472455591261534
0.3131121455425747	0.280056016805602
0.40089186286863654	0.3380617018914066
0.21081851067789195	0.21081851067789195
0.21535276082326618	0.14907119849998599
0.3651483716701108	0.4216370213557839
0.6030226891555273	0.6030226891555273
0.686406472983644	0.6708203932499369
0.8819171036881966	0.8819171036881966
0.20965696734438366	0.20801257358446093
0.5853694070049636	0.4472135954999579
0.15811388300841894	0.15811388300841894
0.18394180184548975	0.13834289277321493
0.4341215710622296	0.38138503569823695
0.5345224838248487	0.5345224838248487
0.4767312946227962	0.4472135954999579
0.4296689244236597	0.3651483716701108
0.36514837167011077	0.36514837167011077
0.8249579113843054	0.8660254037844387
0.801783725737273	0.801783725737273
0.6324555320336759	0.6324555320336759
0.6172133998483676	0.6172133998483676
0.7559289460184544	0.6674238124719147
0.7715167498104596	0.7715167498104596
0.3118047822311618	0.2581988897471611
0.6299407883487119	0.6172133998483676
0.5163977794943222	0.4444444444444444
0.5821817364274594	0.2773500981126146
0.253546276418555	0.2860387767736777
0.5962847939999438	0.5477225575051662
0.4850712500726658	0.5345224838248488
0.639009650422694	0.6324555320336759
0.5976143046671968	0.47434164902525683
0.21170244960998527	0.2286647801900118
0.5773502691896257	0.4714045207910318
0.3333333333333333	0.3333333333333333
0.2182178902359924	0.2519763153394848
0.8432740427115678	0.7715167498104596
0.24343224778007383	0.223606797749979
0.7378647873726218	0.7378647873726218
0.1690308509457033	0.1690308509457033
0.47809144373375745	0.47809144373375745
0.3086066999241838	0.3086066999241838
0.565685424949238	0.50709255283711
0.816496580927726	0.816496580927726
0.3380617018914066	0.22360679774997896
0.6324555320336759	0.6324555320336759
0.9354143466934851	0.9354143466934851
0.7142857142857141	0.7142857142857141
0.5923488777590923	0.40201512610368484
0.5773502691896257	0.5555555555555556
0.6674238124719147	0.5345224838248487
0.47058823529411764	0.3223291856101521
0.21320071635561041	0.21320071635561041
0.6358507844578739	0.4545454545454546
0.36363636363636365	0.36363636363636365
0.5477225575051663	0.5270462766947299
0.42640143271122083	0.3749999999999999
0.6324555320336759	0.4629100498862757
0.5039526306789696	0.6172133998483676
0.9	0.8571428571428569
0.5892556509887895	0.5773502691896258
0.49099025303098287	0.3076923076923077
0.693687975619296	0.41812100500354543
0.6123724356957946	0.6123724356957946
0.26726124191242434	0.26726124191242434
0.8198915917499229	0.8333333333333336
0.8581163303210333	0.801783725737273
0.40089186286863654	0.3380617018914066
0.4714045207910316	0.4714045207910316
0.6929348671835831	0.6227991553292184
0.4767312946227962	0.26726124191242434
0.4330127018922194	0.4330127018922194
0.3333333333333333	0.4082482904638631
0.5443310539518174	0.5000000000000001
0.30588764516074896	0.31622776601683794
0.23354968324845687	0.2611164839335468
0.32444284226152503	0.2651650429449553
0.6299407883487119	0.6299407883487119
0.408248290463863	0.35355339059327373
0.6676978608895886	0.40201512610368484
0.7905694150420948	0.7999999999999999
0.5720775535473555	0.5698028822981898
0.5262348115842176	0.5
0.7150969419341944	0.5222329678670935
0.533001790889026	0.533001790889026
0.6390096504226936	0.6123724356957946
0.7378647873726218	0.7378647873726218
0.5962847939999438	0.5477225575051662
0.1924500897298753	0.25819888974716115
0.3580574370197164	0.3202563076101743
0.36514837167011077	0.36514837167011077
0.6060915267313264	0.5698028822981898
0.7559289460184545	0.6471502289294339
0.7999999999999999	0.7999999999999999
0.5103103630798288	0.5103103630798288
0.2988071523335984	0.3241018617760822
0.40089186286863654	0.40089186286863654
0.5161854012087639	0.4160251471689219
0.29411764705882354	0.3241018617760822
0.1543033499620919	0.19611613513818402
0.5853694070049635	0.4472135954999579
0.4850712500726658	0.5345224838248488
0.4629100498862757	0.4629100498862757
0.4622501635210242	0.4622501635210242
0.7777777777777779	0.6666666666666669
0.7614996105085898	0.6531972647421808
0.4522670168666455	0.42640143271122083
0.5913123959890827	0.38138503569823695
0.10846522890932808	0.15811388300841897
0.3678836036909795	0.33407655239053047
0.4335549847620599	0.3418817293789138
0.4447495899966608	0.41812100500354543
0.4714045207910316	0.4714045207910316
0.44543540318737396	0.44543540318737396
0.4622501635210242	0.4216370213557839
0.3162277660168379	0.3162277660168379
0.3202563076101743	0.31622776601683794
0.1889822365046136	0.1889822365046136
0.4714045207910318	0.4714045207910318
0.2981423969999719	0.2981423969999719
0.5590169943749475	0.6681531047810608
0.8749999999999999	0.7999999999999999
0.4330127018922194	0.36514837167011077
0.47809144373375745	0.47809144373375745
0.30151134457776363	0.27036903521793754
0.32539568672798425	0.44721359549995787
0.3796283011826483	0.15430334996209194
0.4364357804719848	0.3779644730092272
0.20412414523193154	0.19611613513818404
0.42257712736425834	0.2279211529192759
0.5570066518960167	0.3627381250550058
0.8660254037844388	0.8660254037844388
0.3333333333333333	0.3333333333333333
0.5773502691896258	0.5773502691896258
0.0	0.0
0.5345224838248487	0.5345224838248487
0.5720775535473555	0.5720775535473555
0.7161148740394329	0.6390096504226939
0.6172133998483676	0.6172133998483676
0.5590169943749475	0.5345224838248487
0.5833333333333334	0.6123724356957946
0.647150228929434	0.6324555320336759
0.42640143271122083	0.42640143271122083
0.7416198487095663	0.5892556509887895
0.8333333333333336	0.8333333333333336
0.44543540318737396	0.3585685828003181
0.5454545454545455	0.533001790889026
0.6120563724821229	0.30151134457776363
0.6289709020331509	0.5976143046671968
0.3214121732666125	0.16222142113076252
0.5163977794943223	0.28867513459481287
0.7999999999999999	0.7999999999999999
0.7071067811865475	0.7071067811865475
0.4999999999999999	0.47434164902525683
0.4216370213557839	0.4216370213557839
0.6092717958449424	0.4714045207910316
0.8432740427115678	0.8432740427115678
0.5477225575051662	0.5477225575051662
0.37062465833055064	0.19069251784911848
0.2727272727272727	0.2727272727272727
0.5555555555555556	0.5555555555555556
0.4588314677411235	0.3061862178478973
0.6446583712203041	0.6363636363636365
0.2773500981126146	0.2773500981126146
0.39999999999999997	0.39999999999999997
0.43301270189221935	0.35355339059327373
0.5122717640554154	0.4244373438135828
0.4166666666666668	0.3849001794597505
0.8249579113843054	0.7302967433402215
0.6681531047810608	0.6681531047810608
0.4905114715879727	0.41812100500354543
0.6301260378126045	0.4444444444444444
0.4472135954999579	0.4472135954999579
0.6123724356957946	0.6123724356957946
0.5039526306789696	0.5039526306789696
0.42008402520840293	0.38575837490522985
0.20180183819889375	0.2223747949983304
0.3131121455425747	0.15430334996209194
0.17677669529663687	0.19611613513818402
0.6708203932499369	0.6708203932499369
0.3872983346207417	0.3086066999241838
0.1414213562373095	0.20203050891044214
