STS.input.track4b.es-en_1.1_deps.txt	STS.input.track4b.es-en_1.2_deps.txt	53.84615384615385	63.63636363636363	66.66666666666666	80.0	66.66666666666666	80.0	76.92307692307693	90.9090909090909
STS.input.track4b.es-en_2.1_deps.txt	STS.input.track4b.es-en_2.2_deps.txt	47.05882352941176	47.05882352941176	71.42857142857143	71.42857142857143	85.71428571428571	85.71428571428571	88.23529411764706	88.23529411764706
STS.input.track4b.es-en_3.1_deps.txt	STS.input.track4b.es-en_3.2_deps.txt	50.0	58.333333333333336	14.285714285714285	18.181818181818183	14.285714285714285	18.181818181818183	85.71428571428571	100.0
STS.input.track4b.es-en_4.1_deps.txt	STS.input.track4b.es-en_4.2_deps.txt	35.714285714285715	31.25	57.14285714285714	45.714285714285715	57.14285714285714	45.714285714285715	85.71428571428571	75.0
STS.input.track4b.es-en_5.1_deps.txt	STS.input.track4b.es-en_5.2_deps.txt	65.0	68.42105263157895	52.63157894736842	55.55555555555556	52.63157894736842	55.55555555555556	90.0	94.73684210526315
STS.input.track4b.es-en_6.1_deps.txt	STS.input.track4b.es-en_6.2_deps.txt	61.904761904761905	65.0	84.21052631578947	88.88888888888889	84.21052631578947	88.88888888888889	85.71428571428571	90.0
STS.input.track4b.es-en_7.1_deps.txt	STS.input.track4b.es-en_7.2_deps.txt	40.0	40.0	75.0	75.0	75.0	75.0	80.0	80.0
STS.input.track4b.es-en_8.1_deps.txt	STS.input.track4b.es-en_8.2_deps.txt	46.15384615384615	46.15384615384615	58.333333333333336	58.333333333333336	58.333333333333336	58.333333333333336	92.3076923076923	92.3076923076923
STS.input.track4b.es-en_9.1_deps.txt	STS.input.track4b.es-en_9.2_deps.txt	25.0	25.0	100.0	100.0	100.0	100.0	100.0	100.0
STS.input.track4b.es-en_10.1_deps.txt	STS.input.track4b.es-en_10.2_deps.txt	40.0	50.0	33.33333333333333	33.33333333333333	33.33333333333333	33.33333333333333	80.0	100.0
STS.input.track4b.es-en_11.1_deps.txt	STS.input.track4b.es-en_11.2_deps.txt	54.54545454545454	56.25	54.54545454545454	56.25	54.54545454545454	56.25	84.84848484848484	87.5
STS.input.track4b.es-en_12.1_deps.txt	STS.input.track4b.es-en_12.2_deps.txt	18.181818181818183	22.22222222222222	66.66666666666666	85.71428571428571	66.66666666666666	85.71428571428571	72.72727272727273	88.88888888888889
STS.input.track4b.es-en_13.1_deps.txt	STS.input.track4b.es-en_13.2_deps.txt	0.0	0.0	0.0	0.0	0.0	0.0	0.0	0.0
STS.input.track4b.es-en_14.1_deps.txt	STS.input.track4b.es-en_14.2_deps.txt	50.0	58.333333333333336	38.46153846153847	45.45454545454545	38.46153846153847	45.45454545454545	78.57142857142857	91.66666666666666
STS.input.track4b.es-en_15.1_deps.txt	STS.input.track4b.es-en_15.2_deps.txt	28.57142857142857	33.33333333333333	15.384615384615385	20.0	23.076923076923077	30.0	64.28571428571429	75.0
STS.input.track4b.es-en_16.1_deps.txt	STS.input.track4b.es-en_16.2_deps.txt	36.84210526315789	38.88888888888889	77.77777777777779	77.77777777777779	77.77777777777779	77.77777777777779	89.47368421052632	94.44444444444444
STS.input.track4b.es-en_17.1_deps.txt	STS.input.track4b.es-en_17.2_deps.txt	44.44444444444444	50.0	77.77777777777779	87.5	83.33333333333334	93.75	88.88888888888889	100.0
STS.input.track4b.es-en_18.1_deps.txt	STS.input.track4b.es-en_18.2_deps.txt	56.41025641025641	55.00000000000001	56.09756097560976	51.11111111111111	60.97560975609756	55.55555555555556	92.3076923076923	90.0
STS.input.track4b.es-en_19.1_deps.txt	STS.input.track4b.es-en_19.2_deps.txt	62.5	62.5	66.66666666666666	57.14285714285714	66.66666666666666	57.14285714285714	100.0	100.0
STS.input.track4b.es-en_20.1_deps.txt	STS.input.track4b.es-en_20.2_deps.txt	30.76923076923077	36.36363636363637	54.54545454545454	66.66666666666666	63.63636363636363	77.77777777777779	69.23076923076923	81.81818181818183
STS.input.track4b.es-en_21.1_deps.txt	STS.input.track4b.es-en_21.2_deps.txt	33.33333333333333	42.857142857142854	28.57142857142857	33.33333333333333	42.857142857142854	50.0	77.77777777777779	100.0
STS.input.track4b.es-en_22.1_deps.txt	STS.input.track4b.es-en_22.2_deps.txt	30.76923076923077	25.0	25.0	20.0	25.0	20.0	53.84615384615385	43.75
STS.input.track4b.es-en_23.1_deps.txt	STS.input.track4b.es-en_23.2_deps.txt	50.0	54.54545454545454	27.27272727272727	30.0	45.45454545454545	50.0	91.66666666666666	100.0
STS.input.track4b.es-en_24.1_deps.txt	STS.input.track4b.es-en_24.2_deps.txt	60.0	60.0	75.0	75.0	75.0	75.0	80.0	80.0
STS.input.track4b.es-en_25.1_deps.txt	STS.input.track4b.es-en_25.2_deps.txt	55.55555555555556	55.55555555555556	44.44444444444444	44.44444444444444	66.66666666666666	66.66666666666666	77.77777777777779	77.77777777777779
STS.input.track4b.es-en_26.1_deps.txt	STS.input.track4b.es-en_26.2_deps.txt	50.0	44.0	42.857142857142854	37.5	47.61904761904761	41.66666666666667	81.81818181818183	72.0
STS.input.track4b.es-en_27.1_deps.txt	STS.input.track4b.es-en_27.2_deps.txt	41.66666666666667	45.45454545454545	72.41379310344827	77.77777777777779	72.41379310344827	77.77777777777779	79.16666666666666	86.36363636363636
STS.input.track4b.es-en_28.1_deps.txt	STS.input.track4b.es-en_28.2_deps.txt	57.14285714285714	57.14285714285714	33.33333333333333	33.33333333333333	33.33333333333333	33.33333333333333	85.71428571428571	85.71428571428571
STS.input.track4b.es-en_29.1_deps.txt	STS.input.track4b.es-en_29.2_deps.txt	30.76923076923077	36.36363636363637	50.0	60.0	50.0	60.0	76.92307692307693	90.9090909090909
STS.input.track4b.es-en_30.1_deps.txt	STS.input.track4b.es-en_30.2_deps.txt	39.285714285714285	42.30769230769231	51.85185185185185	56.00000000000001	55.55555555555556	60.0	78.57142857142857	84.61538461538461
STS.input.track4b.es-en_31.1_deps.txt	STS.input.track4b.es-en_31.2_deps.txt	42.857142857142854	42.857142857142854	50.0	50.0	50.0	50.0	85.71428571428571	85.71428571428571
STS.input.track4b.es-en_32.1_deps.txt	STS.input.track4b.es-en_32.2_deps.txt	60.0	62.06896551724138	87.5	90.32258064516128	87.5	90.32258064516128	96.66666666666667	100.0
STS.input.track4b.es-en_33.1_deps.txt	STS.input.track4b.es-en_33.2_deps.txt	48.717948717948715	51.35135135135135	48.78048780487805	50.0	56.09756097560976	57.49999999999999	89.74358974358975	94.5945945945946
STS.input.track4b.es-en_34.1_deps.txt	STS.input.track4b.es-en_34.2_deps.txt	38.46153846153847	41.66666666666667	33.33333333333333	36.36363636363637	41.66666666666667	45.45454545454545	92.3076923076923	100.0
STS.input.track4b.es-en_35.1_deps.txt	STS.input.track4b.es-en_35.2_deps.txt	15.384615384615385	20.0	54.54545454545454	66.66666666666666	54.54545454545454	66.66666666666666	53.84615384615385	70.0
STS.input.track4b.es-en_36.1_deps.txt	STS.input.track4b.es-en_36.2_deps.txt	35.294117647058826	42.857142857142854	17.647058823529413	23.076923076923077	17.647058823529413	23.076923076923077	58.82352941176471	71.42857142857143
STS.input.track4b.es-en_37.1_deps.txt	STS.input.track4b.es-en_37.2_deps.txt	69.23076923076923	64.28571428571429	84.61538461538461	78.57142857142857	84.61538461538461	78.57142857142857	100.0	92.85714285714286
STS.input.track4b.es-en_38.1_deps.txt	STS.input.track4b.es-en_38.2_deps.txt	50.0	52.94117647058824	70.58823529411765	70.58823529411765	70.58823529411765	70.58823529411765	94.44444444444444	100.0
STS.input.track4b.es-en_39.1_deps.txt	STS.input.track4b.es-en_39.2_deps.txt	40.0	47.61904761904761	34.61538461538461	42.857142857142854	34.61538461538461	42.857142857142854	68.0	80.95238095238095
STS.input.track4b.es-en_40.1_deps.txt	STS.input.track4b.es-en_40.2_deps.txt	26.666666666666668	33.33333333333333	33.33333333333333	41.66666666666667	33.33333333333333	41.66666666666667	73.33333333333333	91.66666666666666
STS.input.track4b.es-en_41.1_deps.txt	STS.input.track4b.es-en_41.2_deps.txt	58.06451612903226	58.06451612903226	54.54545454545454	58.06451612903226	57.57575757575758	61.29032258064516	87.09677419354838	87.09677419354838
STS.input.track4b.es-en_42.1_deps.txt	STS.input.track4b.es-en_42.2_deps.txt	29.411764705882355	27.77777777777778	60.0	56.25	60.0	56.25	64.70588235294117	61.111111111111114
STS.input.track4b.es-en_43.1_deps.txt	STS.input.track4b.es-en_43.2_deps.txt	53.84615384615385	56.00000000000001	73.07692307692307	76.0	80.76923076923077	84.0	80.76923076923077	84.0
STS.input.track4b.es-en_44.1_deps.txt	STS.input.track4b.es-en_44.2_deps.txt	35.294117647058826	42.857142857142854	17.647058823529413	23.076923076923077	17.647058823529413	23.076923076923077	58.82352941176471	71.42857142857143
STS.input.track4b.es-en_45.1_deps.txt	STS.input.track4b.es-en_45.2_deps.txt	12.5	11.11111111111111	50.0	42.857142857142854	66.66666666666666	57.14285714285714	75.0	66.66666666666666
STS.input.track4b.es-en_46.1_deps.txt	STS.input.track4b.es-en_46.2_deps.txt	42.857142857142854	46.15384615384615	53.84615384615385	58.333333333333336	53.84615384615385	58.333333333333336	78.57142857142857	84.61538461538461
STS.input.track4b.es-en_47.1_deps.txt	STS.input.track4b.es-en_47.2_deps.txt	56.52173913043478	59.09090909090909	84.0	84.0	84.0	84.0	95.65217391304348	100.0
STS.input.track4b.es-en_48.1_deps.txt	STS.input.track4b.es-en_48.2_deps.txt	25.0	28.57142857142857	60.0	69.23076923076923	60.0	69.23076923076923	81.25	92.85714285714286
STS.input.track4b.es-en_49.1_deps.txt	STS.input.track4b.es-en_49.2_deps.txt	36.36363636363637	40.0	30.0	33.33333333333333	30.0	33.33333333333333	81.81818181818183	90.0
STS.input.track4b.es-en_50.1_deps.txt	STS.input.track4b.es-en_50.2_deps.txt	50.0	54.54545454545454	27.27272727272727	30.0	45.45454545454545	50.0	91.66666666666666	100.0
STS.input.track4b.es-en_51.1_deps.txt	STS.input.track4b.es-en_51.2_deps.txt	21.428571428571427	27.27272727272727	23.076923076923077	30.0	23.076923076923077	30.0	64.28571428571429	81.81818181818183
STS.input.track4b.es-en_52.1_deps.txt	STS.input.track4b.es-en_52.2_deps.txt	45.45454545454545	50.0	38.095238095238095	42.10526315789473	38.095238095238095	42.10526315789473	86.36363636363636	95.0
STS.input.track4b.es-en_53.1_deps.txt	STS.input.track4b.es-en_53.2_deps.txt	50.0	47.05882352941176	46.666666666666664	43.75	46.666666666666664	43.75	81.25	76.47058823529412
STS.input.track4b.es-en_54.1_deps.txt	STS.input.track4b.es-en_54.2_deps.txt	40.0	40.0	72.22222222222221	68.42105263157895	77.77777777777779	73.68421052631578	100.0	100.0
STS.input.track4b.es-en_55.1_deps.txt	STS.input.track4b.es-en_55.2_deps.txt	41.66666666666667	50.0	0.0	0.0	0.0	0.0	75.0	90.0
STS.input.track4b.es-en_56.1_deps.txt	STS.input.track4b.es-en_56.2_deps.txt	61.904761904761905	59.09090909090909	55.00000000000001	55.00000000000001	55.00000000000001	55.00000000000001	80.95238095238095	77.27272727272727
STS.input.track4b.es-en_57.1_deps.txt	STS.input.track4b.es-en_57.2_deps.txt	40.909090909090914	47.368421052631575	47.61904761904761	50.0	47.61904761904761	50.0	81.81818181818183	94.73684210526315
STS.input.track4b.es-en_58.1_deps.txt	STS.input.track4b.es-en_58.2_deps.txt	56.52173913043478	52.0	31.818181818181817	26.923076923076923	31.818181818181817	26.923076923076923	100.0	92.0
STS.input.track4b.es-en_59.1_deps.txt	STS.input.track4b.es-en_59.2_deps.txt	28.57142857142857	28.57142857142857	100.0	100.0	100.0	100.0	100.0	100.0
STS.input.track4b.es-en_60.1_deps.txt	STS.input.track4b.es-en_60.2_deps.txt	33.33333333333333	33.33333333333333	25.0	25.0	25.0	25.0	83.33333333333334	83.33333333333334
STS.input.track4b.es-en_61.1_deps.txt	STS.input.track4b.es-en_61.2_deps.txt	20.0	22.22222222222222	66.66666666666666	75.0	66.66666666666666	75.0	70.0	77.77777777777779
STS.input.track4b.es-en_62.1_deps.txt	STS.input.track4b.es-en_62.2_deps.txt	30.76923076923077	44.44444444444444	46.15384615384615	85.71428571428571	50.0	85.71428571428571	69.23076923076923	100.0
STS.input.track4b.es-en_63.1_deps.txt	STS.input.track4b.es-en_63.2_deps.txt	45.45454545454545	55.55555555555556	40.0	50.0	60.0	75.0	72.72727272727273	88.88888888888889
STS.input.track4b.es-en_64.1_deps.txt	STS.input.track4b.es-en_64.2_deps.txt	44.44444444444444	57.14285714285714	33.33333333333333	50.0	55.55555555555556	83.33333333333334	66.66666666666666	85.71428571428571
STS.input.track4b.es-en_65.1_deps.txt	STS.input.track4b.es-en_65.2_deps.txt	40.0	50.0	33.33333333333333	42.857142857142854	44.44444444444444	57.14285714285714	70.0	87.5
STS.input.track4b.es-en_66.1_deps.txt	STS.input.track4b.es-en_66.2_deps.txt	45.94594594594595	44.73684210526316	28.947368421052634	28.947368421052634	31.57894736842105	31.57894736842105	89.1891891891892	86.8421052631579
STS.input.track4b.es-en_67.1_deps.txt	STS.input.track4b.es-en_67.2_deps.txt	21.428571428571427	23.076923076923077	42.857142857142854	46.15384615384615	42.857142857142854	46.15384615384615	85.71428571428571	92.3076923076923
STS.input.track4b.es-en_68.1_deps.txt	STS.input.track4b.es-en_68.2_deps.txt	60.0	60.0	75.0	75.0	75.0	75.0	80.0	80.0
STS.input.track4b.es-en_69.1_deps.txt	STS.input.track4b.es-en_69.2_deps.txt	50.0	50.0	57.14285714285714	57.14285714285714	71.42857142857143	71.42857142857143	87.5	87.5
STS.input.track4b.es-en_70.1_deps.txt	STS.input.track4b.es-en_70.2_deps.txt	42.857142857142854	42.857142857142854	52.38095238095239	50.0	57.14285714285714	54.54545454545454	95.23809523809523	95.23809523809523
STS.input.track4b.es-en_71.1_deps.txt	STS.input.track4b.es-en_71.2_deps.txt	55.55555555555556	55.55555555555556	37.5	37.5	50.0	50.0	100.0	100.0
STS.input.track4b.es-en_72.1_deps.txt	STS.input.track4b.es-en_72.2_deps.txt	35.714285714285715	41.66666666666667	46.666666666666664	58.333333333333336	46.666666666666664	58.333333333333336	78.57142857142857	91.66666666666666
STS.input.track4b.es-en_73.1_deps.txt	STS.input.track4b.es-en_73.2_deps.txt	43.75	46.666666666666664	37.5	40.0	37.5	40.0	87.5	93.33333333333333
STS.input.track4b.es-en_74.1_deps.txt	STS.input.track4b.es-en_74.2_deps.txt	46.666666666666664	41.17647058823529	57.14285714285714	47.05882352941176	78.57142857142857	68.75	86.66666666666667	76.47058823529412
STS.input.track4b.es-en_75.1_deps.txt	STS.input.track4b.es-en_75.2_deps.txt	52.38095238095239	55.00000000000001	50.0	50.0	50.0	50.0	80.95238095238095	85.0
STS.input.track4b.es-en_76.1_deps.txt	STS.input.track4b.es-en_76.2_deps.txt	36.36363636363637	40.0	30.0	33.33333333333333	30.0	33.33333333333333	81.81818181818183	90.0
STS.input.track4b.es-en_77.1_deps.txt	STS.input.track4b.es-en_77.2_deps.txt	46.666666666666664	41.17647058823529	80.0	70.58823529411765	80.0	70.58823529411765	80.0	70.58823529411765
STS.input.track4b.es-en_78.1_deps.txt	STS.input.track4b.es-en_78.2_deps.txt	58.333333333333336	60.86956521739131	60.86956521739131	63.63636363636363	65.21739130434783	68.18181818181817	91.66666666666666	95.65217391304348
STS.input.track4b.es-en_79.1_deps.txt	STS.input.track4b.es-en_79.2_deps.txt	33.33333333333333	47.368421052631575	32.142857142857146	47.368421052631575	32.142857142857146	47.368421052631575	62.96296296296296	89.47368421052632
STS.input.track4b.es-en_80.1_deps.txt	STS.input.track4b.es-en_80.2_deps.txt	50.0	50.0	66.66666666666666	66.66666666666666	66.66666666666666	66.66666666666666	75.0	75.0
STS.input.track4b.es-en_81.1_deps.txt	STS.input.track4b.es-en_81.2_deps.txt	29.411764705882355	29.411764705882355	41.17647058823529	41.17647058823529	41.17647058823529	41.17647058823529	94.11764705882352	94.11764705882352
STS.input.track4b.es-en_82.1_deps.txt	STS.input.track4b.es-en_82.2_deps.txt	47.82608695652174	61.111111111111114	30.0	37.5	30.0	37.5	73.91304347826086	94.44444444444444
STS.input.track4b.es-en_83.1_deps.txt	STS.input.track4b.es-en_83.2_deps.txt	33.33333333333333	36.84210526315789	45.0	50.0	45.0	50.0	85.71428571428571	94.73684210526315
STS.input.track4b.es-en_84.1_deps.txt	STS.input.track4b.es-en_84.2_deps.txt	45.94594594594595	44.73684210526316	28.947368421052634	28.947368421052634	31.57894736842105	31.57894736842105	89.1891891891892	86.8421052631579
STS.input.track4b.es-en_85.1_deps.txt	STS.input.track4b.es-en_85.2_deps.txt	46.42857142857143	46.42857142857143	59.25925925925925	59.25925925925925	62.96296296296296	62.96296296296296	89.28571428571429	89.28571428571429
STS.input.track4b.es-en_86.1_deps.txt	STS.input.track4b.es-en_86.2_deps.txt	36.36363636363637	36.36363636363637	30.0	30.0	30.0	30.0	90.9090909090909	90.9090909090909
STS.input.track4b.es-en_87.1_deps.txt	STS.input.track4b.es-en_87.2_deps.txt	60.0	60.0	84.21052631578947	84.21052631578947	89.47368421052632	89.47368421052632	90.0	90.0
STS.input.track4b.es-en_88.1_deps.txt	STS.input.track4b.es-en_88.2_deps.txt	37.5	42.857142857142854	56.25	69.23076923076923	56.25	69.23076923076923	81.25	92.85714285714286
STS.input.track4b.es-en_89.1_deps.txt	STS.input.track4b.es-en_89.2_deps.txt	41.66666666666667	45.45454545454545	45.45454545454545	50.0	45.45454545454545	50.0	83.33333333333334	90.9090909090909
STS.input.track4b.es-en_90.1_deps.txt	STS.input.track4b.es-en_90.2_deps.txt	40.0	40.0	77.77777777777779	77.77777777777779	77.77777777777779	77.77777777777779	100.0	100.0
STS.input.track4b.es-en_91.1_deps.txt	STS.input.track4b.es-en_91.2_deps.txt	47.82608695652174	61.111111111111114	30.0	37.5	30.0	37.5	73.91304347826086	94.44444444444444
STS.input.track4b.es-en_92.1_deps.txt	STS.input.track4b.es-en_92.2_deps.txt	0.0	0.0	0.0	0.0	0.0	0.0	55.55555555555556	83.33333333333334
STS.input.track4b.es-en_93.1_deps.txt	STS.input.track4b.es-en_93.2_deps.txt	65.0	65.0	55.55555555555556	52.63157894736842	61.111111111111114	57.89473684210527	80.0	80.0
STS.input.track4b.es-en_94.1_deps.txt	STS.input.track4b.es-en_94.2_deps.txt	57.14285714285714	57.14285714285714	100.0	100.0	100.0	100.0	100.0	100.0
STS.input.track4b.es-en_95.1_deps.txt	STS.input.track4b.es-en_95.2_deps.txt	20.0	22.22222222222222	0.0	0.0	0.0	0.0	40.0	44.44444444444444
STS.input.track4b.es-en_96.1_deps.txt	STS.input.track4b.es-en_96.2_deps.txt	43.75	53.84615384615385	46.666666666666664	63.63636363636363	53.333333333333336	72.72727272727273	75.0	92.3076923076923
STS.input.track4b.es-en_97.1_deps.txt	STS.input.track4b.es-en_97.2_deps.txt	44.44444444444444	53.333333333333336	52.94117647058824	64.28571428571429	52.94117647058824	64.28571428571429	72.22222222222221	86.66666666666667
STS.input.track4b.es-en_98.1_deps.txt	STS.input.track4b.es-en_98.2_deps.txt	31.25	26.31578947368421	6.25	5.555555555555555	6.25	5.555555555555555	68.75	57.89473684210527
STS.input.track4b.es-en_99.1_deps.txt	STS.input.track4b.es-en_99.2_deps.txt	45.0	45.0	52.38095238095239	55.00000000000001	52.38095238095239	55.00000000000001	90.0	90.0
STS.input.track4b.es-en_100.1_deps.txt	STS.input.track4b.es-en_100.2_deps.txt	33.33333333333333	33.33333333333333	60.0	60.0	80.0	80.0	83.33333333333334	83.33333333333334
STS.input.track4b.es-en_101.1_deps.txt	STS.input.track4b.es-en_101.2_deps.txt	46.666666666666664	41.17647058823529	80.0	70.58823529411765	80.0	70.58823529411765	80.0	70.58823529411765
STS.input.track4b.es-en_102.1_deps.txt	STS.input.track4b.es-en_102.2_deps.txt	41.66666666666667	45.45454545454545	72.41379310344827	77.77777777777779	72.41379310344827	77.77777777777779	79.16666666666666	86.36363636363636
STS.input.track4b.es-en_103.1_deps.txt	STS.input.track4b.es-en_103.2_deps.txt	52.63157894736842	50.0	44.44444444444444	40.0	44.44444444444444	40.0	89.47368421052632	85.0
STS.input.track4b.es-en_104.1_deps.txt	STS.input.track4b.es-en_104.2_deps.txt	57.14285714285714	61.53846153846154	75.0	81.81818181818183	83.33333333333334	90.9090909090909	85.71428571428571	92.3076923076923
STS.input.track4b.es-en_105.1_deps.txt	STS.input.track4b.es-en_105.2_deps.txt	40.0	40.0	72.22222222222221	68.42105263157895	77.77777777777779	73.68421052631578	100.0	100.0
STS.input.track4b.es-en_106.1_deps.txt	STS.input.track4b.es-en_106.2_deps.txt	40.0	40.0	75.0	75.0	75.0	75.0	80.0	80.0
STS.input.track4b.es-en_107.1_deps.txt	STS.input.track4b.es-en_107.2_deps.txt	28.57142857142857	28.57142857142857	66.66666666666666	66.66666666666666	66.66666666666666	66.66666666666666	71.42857142857143	71.42857142857143
STS.input.track4b.es-en_108.1_deps.txt	STS.input.track4b.es-en_108.2_deps.txt	50.0	50.0	100.0	100.0	100.0	100.0	100.0	100.0
STS.input.track4b.es-en_109.1_deps.txt	STS.input.track4b.es-en_109.2_deps.txt	60.0	60.0	75.0	75.0	75.0	75.0	80.0	80.0
STS.input.track4b.es-en_110.1_deps.txt	STS.input.track4b.es-en_110.2_deps.txt	40.0	40.0	80.0	80.0	80.0	80.0	80.0	80.0
STS.input.track4b.es-en_111.1_deps.txt	STS.input.track4b.es-en_111.2_deps.txt	16.666666666666664	25.0	0.0	0.0	0.0	0.0	50.0	75.0
STS.input.track4b.es-en_112.1_deps.txt	STS.input.track4b.es-en_112.2_deps.txt	31.57894736842105	31.57894736842105	45.0	47.368421052631575	50.0	52.63157894736842	94.73684210526315	94.73684210526315
STS.input.track4b.es-en_113.1_deps.txt	STS.input.track4b.es-en_113.2_deps.txt	33.33333333333333	35.0	80.0	84.21052631578947	80.0	84.21052631578947	90.47619047619048	95.0
STS.input.track4b.es-en_114.1_deps.txt	STS.input.track4b.es-en_114.2_deps.txt	50.0	28.57142857142857	28.57142857142857	15.384615384615385	28.57142857142857	15.384615384615385	75.0	42.857142857142854
STS.input.track4b.es-en_115.1_deps.txt	STS.input.track4b.es-en_115.2_deps.txt	57.14285714285714	63.1578947368421	47.61904761904761	52.63157894736842	52.38095238095239	57.89473684210527	85.71428571428571	94.73684210526315
STS.input.track4b.es-en_116.1_deps.txt	STS.input.track4b.es-en_116.2_deps.txt	55.55555555555556	55.55555555555556	44.44444444444444	44.44444444444444	66.66666666666666	66.66666666666666	88.88888888888889	88.88888888888889
STS.input.track4b.es-en_117.1_deps.txt	STS.input.track4b.es-en_117.2_deps.txt	33.33333333333333	37.5	17.647058823529413	20.0	17.647058823529413	20.0	83.33333333333334	93.75
STS.input.track4b.es-en_118.1_deps.txt	STS.input.track4b.es-en_118.2_deps.txt	46.15384615384615	46.15384615384615	58.333333333333336	58.333333333333336	58.333333333333336	58.333333333333336	84.61538461538461	84.61538461538461
STS.input.track4b.es-en_119.1_deps.txt	STS.input.track4b.es-en_119.2_deps.txt	60.0	54.54545454545454	55.55555555555556	50.0	55.55555555555556	50.0	100.0	90.9090909090909
STS.input.track4b.es-en_120.1_deps.txt	STS.input.track4b.es-en_120.2_deps.txt	32.25806451612903	38.46153846153847	31.03448275862069	36.0	37.93103448275862	44.0	67.74193548387096	80.76923076923077
STS.input.track4b.es-en_121.1_deps.txt	STS.input.track4b.es-en_121.2_deps.txt	44.44444444444444	50.0	77.77777777777779	87.5	83.33333333333334	93.75	88.88888888888889	100.0
STS.input.track4b.es-en_122.1_deps.txt	STS.input.track4b.es-en_122.2_deps.txt	55.55555555555556	55.55555555555556	85.71428571428571	85.71428571428571	85.71428571428571	85.71428571428571	88.88888888888889	88.88888888888889
STS.input.track4b.es-en_123.1_deps.txt	STS.input.track4b.es-en_123.2_deps.txt	40.0	37.5	86.66666666666667	86.66666666666667	93.33333333333333	93.33333333333333	100.0	93.75
STS.input.track4b.es-en_124.1_deps.txt	STS.input.track4b.es-en_124.2_deps.txt	33.33333333333333	33.33333333333333	30.0	28.57142857142857	30.0	28.57142857142857	71.42857142857143	71.42857142857143
STS.input.track4b.es-en_125.1_deps.txt	STS.input.track4b.es-en_125.2_deps.txt	50.0	50.0	66.66666666666666	66.66666666666666	66.66666666666666	66.66666666666666	75.0	75.0
STS.input.track4b.es-en_126.1_deps.txt	STS.input.track4b.es-en_126.2_deps.txt	20.0	25.0	50.0	66.66666666666666	75.0	100.0	80.0	100.0
STS.input.track4b.es-en_127.1_deps.txt	STS.input.track4b.es-en_127.2_deps.txt	37.03703703703704	43.47826086956522	32.142857142857146	36.0	32.142857142857146	36.0	85.18518518518519	100.0
STS.input.track4b.es-en_128.1_deps.txt	STS.input.track4b.es-en_128.2_deps.txt	45.45454545454545	55.55555555555556	16.666666666666664	25.0	25.0	37.5	72.72727272727273	88.88888888888889
STS.input.track4b.es-en_129.1_deps.txt	STS.input.track4b.es-en_129.2_deps.txt	42.857142857142854	40.909090909090914	65.0	61.904761904761905	65.0	61.904761904761905	76.19047619047619	72.72727272727273
STS.input.track4b.es-en_130.1_deps.txt	STS.input.track4b.es-en_130.2_deps.txt	57.14285714285714	50.0	83.33333333333334	71.42857142857143	83.33333333333334	71.42857142857143	85.71428571428571	75.0
STS.input.track4b.es-en_131.1_deps.txt	STS.input.track4b.es-en_131.2_deps.txt	42.857142857142854	42.857142857142854	66.66666666666666	66.66666666666666	83.33333333333334	83.33333333333334	85.71428571428571	85.71428571428571
STS.input.track4b.es-en_132.1_deps.txt	STS.input.track4b.es-en_132.2_deps.txt	70.0	70.0	100.0	100.0	100.0	100.0	100.0	100.0
STS.input.track4b.es-en_133.1_deps.txt	STS.input.track4b.es-en_133.2_deps.txt	44.827586206896555	43.333333333333336	73.33333333333333	70.96774193548387	73.33333333333333	70.96774193548387	96.55172413793103	93.33333333333333
STS.input.track4b.es-en_134.1_deps.txt	STS.input.track4b.es-en_134.2_deps.txt	50.0	50.0	85.71428571428571	85.71428571428571	85.71428571428571	85.71428571428571	87.5	87.5
STS.input.track4b.es-en_135.1_deps.txt	STS.input.track4b.es-en_135.2_deps.txt	40.0	40.0	75.0	75.0	75.0	75.0	80.0	80.0
STS.input.track4b.es-en_136.1_deps.txt	STS.input.track4b.es-en_136.2_deps.txt	42.857142857142854	42.857142857142854	50.0	50.0	50.0	50.0	85.71428571428571	85.71428571428571
STS.input.track4b.es-en_137.1_deps.txt	STS.input.track4b.es-en_137.2_deps.txt	22.22222222222222	23.076923076923077	58.620689655172406	60.71428571428571	60.71428571428571	65.38461538461539	81.48148148148148	84.61538461538461
STS.input.track4b.es-en_138.1_deps.txt	STS.input.track4b.es-en_138.2_deps.txt	50.0	47.05882352941176	100.0	93.75	100.0	93.75	100.0	94.11764705882352
STS.input.track4b.es-en_139.1_deps.txt	STS.input.track4b.es-en_139.2_deps.txt	47.05882352941176	47.05882352941176	71.42857142857143	71.42857142857143	85.71428571428571	85.71428571428571	88.23529411764706	88.23529411764706
STS.input.track4b.es-en_140.1_deps.txt	STS.input.track4b.es-en_140.2_deps.txt	30.0	33.33333333333333	44.44444444444444	50.0	44.44444444444444	50.0	80.0	88.88888888888889
STS.input.track4b.es-en_141.1_deps.txt	STS.input.track4b.es-en_141.2_deps.txt	40.0	40.0	10.0	10.0	10.0	10.0	90.0	90.0
STS.input.track4b.es-en_142.1_deps.txt	STS.input.track4b.es-en_142.2_deps.txt	22.22222222222222	28.57142857142857	25.0	33.33333333333333	25.0	33.33333333333333	55.55555555555556	71.42857142857143
STS.input.track4b.es-en_143.1_deps.txt	STS.input.track4b.es-en_143.2_deps.txt	52.63157894736842	47.61904761904761	63.1578947368421	57.14285714285714	73.68421052631578	66.66666666666666	94.73684210526315	85.71428571428571
STS.input.track4b.es-en_144.1_deps.txt	STS.input.track4b.es-en_144.2_deps.txt	57.14285714285714	50.0	83.33333333333334	71.42857142857143	83.33333333333334	71.42857142857143	85.71428571428571	75.0
STS.input.track4b.es-en_145.1_deps.txt	STS.input.track4b.es-en_145.2_deps.txt	25.0	20.0	45.45454545454545	35.714285714285715	45.45454545454545	35.714285714285715	83.33333333333334	66.66666666666666
STS.input.track4b.es-en_146.1_deps.txt	STS.input.track4b.es-en_146.2_deps.txt	40.0	43.75	41.66666666666667	46.875	48.57142857142857	53.125	82.85714285714286	90.625
STS.input.track4b.es-en_147.1_deps.txt	STS.input.track4b.es-en_147.2_deps.txt	66.66666666666666	66.66666666666666	100.0	100.0	100.0	100.0	100.0	100.0
STS.input.track4b.es-en_148.1_deps.txt	STS.input.track4b.es-en_148.2_deps.txt	62.16216216216216	63.888888888888886	42.857142857142854	46.666666666666664	44.89795918367347	48.888888888888886	86.48648648648648	88.88888888888889
STS.input.track4b.es-en_149.1_deps.txt	STS.input.track4b.es-en_149.2_deps.txt	30.76923076923077	30.76923076923077	66.66666666666666	61.53846153846154	66.66666666666666	61.53846153846154	84.61538461538461	84.61538461538461
STS.input.track4b.es-en_150.1_deps.txt	STS.input.track4b.es-en_150.2_deps.txt	0.0	0.0	0.0	0.0	0.0	0.0	0.0	0.0
STS.input.track4b.es-en_151.1_deps.txt	STS.input.track4b.es-en_151.2_deps.txt	50.0	47.368421052631575	36.84210526315789	35.0	47.368421052631575	45.0	88.88888888888889	84.21052631578947
STS.input.track4b.es-en_152.1_deps.txt	STS.input.track4b.es-en_152.2_deps.txt	0.0	0.0	0.0	0.0	0.0	0.0	0.0	0.0
STS.input.track4b.es-en_153.1_deps.txt	STS.input.track4b.es-en_153.2_deps.txt	43.47826086956522	55.55555555555556	36.36363636363637	47.05882352941176	36.36363636363637	47.05882352941176	78.26086956521739	100.0
STS.input.track4b.es-en_154.1_deps.txt	STS.input.track4b.es-en_154.2_deps.txt	25.0	28.57142857142857	20.0	25.0	20.0	25.0	56.25	64.28571428571429
STS.input.track4b.es-en_155.1_deps.txt	STS.input.track4b.es-en_155.2_deps.txt	44.44444444444444	44.44444444444444	75.0	75.0	87.5	87.5	88.88888888888889	88.88888888888889
STS.input.track4b.es-en_156.1_deps.txt	STS.input.track4b.es-en_156.2_deps.txt	50.0	50.0	85.71428571428571	85.71428571428571	92.85714285714286	92.85714285714286	92.85714285714286	92.85714285714286
STS.input.track4b.es-en_157.1_deps.txt	STS.input.track4b.es-en_157.2_deps.txt	30.0	33.33333333333333	44.44444444444444	50.0	44.44444444444444	50.0	80.0	88.88888888888889
STS.input.track4b.es-en_158.1_deps.txt	STS.input.track4b.es-en_158.2_deps.txt	28.57142857142857	36.36363636363637	30.76923076923077	40.0	38.46153846153847	50.0	71.42857142857143	90.9090909090909
STS.input.track4b.es-en_159.1_deps.txt	STS.input.track4b.es-en_159.2_deps.txt	53.84615384615385	60.86956521739131	36.0	40.909090909090914	36.0	40.909090909090914	76.92307692307693	86.95652173913044
STS.input.track4b.es-en_160.1_deps.txt	STS.input.track4b.es-en_160.2_deps.txt	52.63157894736842	50.0	52.63157894736842	50.0	57.89473684210527	55.00000000000001	89.47368421052632	85.0
STS.input.track4b.es-en_161.1_deps.txt	STS.input.track4b.es-en_161.2_deps.txt	40.0	40.0	75.0	75.0	75.0	75.0	80.0	80.0
STS.input.track4b.es-en_162.1_deps.txt	STS.input.track4b.es-en_162.2_deps.txt	60.0	60.0	75.0	75.0	75.0	75.0	80.0	80.0
STS.input.track4b.es-en_163.1_deps.txt	STS.input.track4b.es-en_163.2_deps.txt	35.714285714285715	35.714285714285715	100.0	100.0	100.0	100.0	100.0	100.0
STS.input.track4b.es-en_164.1_deps.txt	STS.input.track4b.es-en_164.2_deps.txt	36.84210526315789	38.88888888888889	38.88888888888889	41.17647058823529	50.0	52.94117647058824	89.47368421052632	94.44444444444444
STS.input.track4b.es-en_165.1_deps.txt	STS.input.track4b.es-en_165.2_deps.txt	36.0	37.5	26.923076923076923	26.923076923076923	36.0	34.61538461538461	88.0	91.66666666666666
STS.input.track4b.es-en_166.1_deps.txt	STS.input.track4b.es-en_166.2_deps.txt	14.285714285714285	16.666666666666664	16.666666666666664	20.0	16.666666666666664	20.0	71.42857142857143	83.33333333333334
STS.input.track4b.es-en_167.1_deps.txt	STS.input.track4b.es-en_167.2_deps.txt	40.0	33.33333333333333	33.33333333333333	20.0	33.33333333333333	20.0	80.0	66.66666666666666
STS.input.track4b.es-en_168.1_deps.txt	STS.input.track4b.es-en_168.2_deps.txt	47.05882352941176	50.0	42.42424242424242	46.666666666666664	42.42424242424242	46.666666666666664	79.41176470588235	84.375
STS.input.track4b.es-en_169.1_deps.txt	STS.input.track4b.es-en_169.2_deps.txt	47.368421052631575	50.0	38.88888888888889	36.84210526315789	44.44444444444444	42.10526315789473	89.47368421052632	94.44444444444444
STS.input.track4b.es-en_170.1_deps.txt	STS.input.track4b.es-en_170.2_deps.txt	33.33333333333333	42.857142857142854	28.57142857142857	40.0	42.857142857142854	60.0	77.77777777777779	100.0
STS.input.track4b.es-en_171.1_deps.txt	STS.input.track4b.es-en_171.2_deps.txt	39.39393939393939	40.625	42.857142857142854	45.45454545454545	42.857142857142854	45.45454545454545	87.87878787878788	90.625
STS.input.track4b.es-en_172.1_deps.txt	STS.input.track4b.es-en_172.2_deps.txt	38.88888888888889	42.42424242424242	24.324324324324326	25.71428571428571	24.324324324324326	25.71428571428571	83.33333333333334	90.9090909090909
STS.input.track4b.es-en_173.1_deps.txt	STS.input.track4b.es-en_173.2_deps.txt	39.39393939393939	39.39393939393939	53.125	54.83870967741935	53.125	54.83870967741935	75.75757575757575	75.75757575757575
STS.input.track4b.es-en_174.1_deps.txt	STS.input.track4b.es-en_174.2_deps.txt	60.0	60.0	91.66666666666666	91.66666666666666	91.66666666666666	91.66666666666666	96.0	96.0
STS.input.track4b.es-en_175.1_deps.txt	STS.input.track4b.es-en_175.2_deps.txt	69.23076923076923	81.81818181818183	41.66666666666667	50.0	58.333333333333336	70.0	84.61538461538461	100.0
STS.input.track4b.es-en_176.1_deps.txt	STS.input.track4b.es-en_176.2_deps.txt	0.0	0.0	0.0	0.0	0.0	0.0	100.0	100.0
STS.input.track4b.es-en_177.1_deps.txt	STS.input.track4b.es-en_177.2_deps.txt	58.333333333333336	60.86956521739131	60.86956521739131	63.63636363636363	65.21739130434783	68.18181818181817	91.66666666666666	95.65217391304348
STS.input.track4b.es-en_178.1_deps.txt	STS.input.track4b.es-en_178.2_deps.txt	50.0	45.45454545454545	100.0	90.0	100.0	90.0	100.0	90.9090909090909
STS.input.track4b.es-en_179.1_deps.txt	STS.input.track4b.es-en_179.2_deps.txt	62.5	62.5	100.0	100.0	100.0	100.0	100.0	100.0
STS.input.track4b.es-en_180.1_deps.txt	STS.input.track4b.es-en_180.2_deps.txt	53.84615384615385	50.0	58.333333333333336	53.84615384615385	58.333333333333336	53.84615384615385	92.3076923076923	85.71428571428571
STS.input.track4b.es-en_181.1_deps.txt	STS.input.track4b.es-en_181.2_deps.txt	53.84615384615385	53.84615384615385	41.66666666666667	41.66666666666667	50.0	50.0	100.0	100.0
STS.input.track4b.es-en_182.1_deps.txt	STS.input.track4b.es-en_182.2_deps.txt	20.0	25.0	50.0	66.66666666666666	75.0	100.0	80.0	100.0
STS.input.track4b.es-en_183.1_deps.txt	STS.input.track4b.es-en_183.2_deps.txt	38.095238095238095	42.10526315789473	47.61904761904761	52.63157894736842	52.38095238095239	57.89473684210527	85.71428571428571	94.73684210526315
STS.input.track4b.es-en_184.1_deps.txt	STS.input.track4b.es-en_184.2_deps.txt	20.0	22.22222222222222	66.66666666666666	75.0	66.66666666666666	75.0	70.0	77.77777777777779
STS.input.track4b.es-en_185.1_deps.txt	STS.input.track4b.es-en_185.2_deps.txt	61.904761904761905	59.09090909090909	55.00000000000001	55.00000000000001	55.00000000000001	55.00000000000001	80.95238095238095	77.27272727272727
STS.input.track4b.es-en_186.1_deps.txt	STS.input.track4b.es-en_186.2_deps.txt	42.857142857142854	42.857142857142854	52.38095238095239	50.0	57.14285714285714	54.54545454545454	95.23809523809523	95.23809523809523
STS.input.track4b.es-en_187.1_deps.txt	STS.input.track4b.es-en_187.2_deps.txt	55.55555555555556	55.55555555555556	50.0	50.0	50.0	50.0	100.0	100.0
STS.input.track4b.es-en_188.1_deps.txt	STS.input.track4b.es-en_188.2_deps.txt	50.0	50.0	57.14285714285714	57.14285714285714	71.42857142857143	71.42857142857143	87.5	87.5
STS.input.track4b.es-en_189.1_deps.txt	STS.input.track4b.es-en_189.2_deps.txt	66.66666666666666	60.0	62.5	55.55555555555556	87.5	77.77777777777779	88.88888888888889	80.0
STS.input.track4b.es-en_190.1_deps.txt	STS.input.track4b.es-en_190.2_deps.txt	44.44444444444444	53.333333333333336	52.94117647058824	64.28571428571429	52.94117647058824	64.28571428571429	72.22222222222221	86.66666666666667
STS.input.track4b.es-en_191.1_deps.txt	STS.input.track4b.es-en_191.2_deps.txt	61.904761904761905	59.09090909090909	45.0	42.857142857142854	50.0	47.61904761904761	100.0	95.45454545454545
STS.input.track4b.es-en_192.1_deps.txt	STS.input.track4b.es-en_192.2_deps.txt	42.857142857142854	42.857142857142854	43.333333333333336	43.333333333333336	43.333333333333336	43.333333333333336	82.14285714285714	82.14285714285714
STS.input.track4b.es-en_193.1_deps.txt	STS.input.track4b.es-en_193.2_deps.txt	31.25	38.46153846153847	12.903225806451612	16.666666666666664	19.35483870967742	25.0	75.0	92.3076923076923
STS.input.track4b.es-en_194.1_deps.txt	STS.input.track4b.es-en_194.2_deps.txt	52.17391304347826	54.54545454545454	44.0	45.83333333333333	44.0	45.83333333333333	91.30434782608695	95.45454545454545
STS.input.track4b.es-en_195.1_deps.txt	STS.input.track4b.es-en_195.2_deps.txt	64.70588235294117	73.33333333333333	75.0	85.71428571428571	75.0	85.71428571428571	76.47058823529412	86.66666666666667
STS.input.track4b.es-en_196.1_deps.txt	STS.input.track4b.es-en_196.2_deps.txt	14.285714285714285	12.5	33.33333333333333	28.57142857142857	33.33333333333333	28.57142857142857	71.42857142857143	62.5
STS.input.track4b.es-en_197.1_deps.txt	STS.input.track4b.es-en_197.2_deps.txt	25.0	25.0	100.0	100.0	100.0	100.0	100.0	100.0
STS.input.track4b.es-en_198.1_deps.txt	STS.input.track4b.es-en_198.2_deps.txt	40.54054054054054	41.66666666666667	48.837209302325576	50.0	48.837209302325576	50.0	91.8918918918919	94.44444444444444
STS.input.track4b.es-en_199.1_deps.txt	STS.input.track4b.es-en_199.2_deps.txt	36.36363636363637	40.0	19.047619047619047	18.181818181818183	28.57142857142857	27.27272727272727	72.72727272727273	80.0
STS.input.track4b.es-en_200.1_deps.txt	STS.input.track4b.es-en_200.2_deps.txt	0.0	0.0	0.0	0.0	0.0	0.0	0.0	0.0
STS.input.track4b.es-en_201.1_deps.txt	STS.input.track4b.es-en_201.2_deps.txt	41.935483870967744	41.935483870967744	64.51612903225806	64.51612903225806	67.74193548387096	67.74193548387096	90.32258064516128	90.32258064516128
STS.input.track4b.es-en_202.1_deps.txt	STS.input.track4b.es-en_202.2_deps.txt	50.0	50.0	33.33333333333333	33.33333333333333	33.33333333333333	33.33333333333333	100.0	100.0
STS.input.track4b.es-en_203.1_deps.txt	STS.input.track4b.es-en_203.2_deps.txt	62.5	62.5	100.0	100.0	100.0	100.0	100.0	100.0
STS.input.track4b.es-en_204.1_deps.txt	STS.input.track4b.es-en_204.2_deps.txt	60.0	60.0	75.0	75.0	75.0	75.0	80.0	80.0
STS.input.track4b.es-en_205.1_deps.txt	STS.input.track4b.es-en_205.2_deps.txt	18.181818181818183	25.0	45.45454545454545	62.5	45.45454545454545	62.5	72.72727272727273	100.0
STS.input.track4b.es-en_206.1_deps.txt	STS.input.track4b.es-en_206.2_deps.txt	52.94117647058824	52.94117647058824	88.23529411764706	88.23529411764706	94.11764705882352	94.11764705882352	94.11764705882352	94.11764705882352
STS.input.track4b.es-en_207.1_deps.txt	STS.input.track4b.es-en_207.2_deps.txt	35.714285714285715	35.714285714285715	100.0	100.0	100.0	100.0	100.0	100.0
STS.input.track4b.es-en_208.1_deps.txt	STS.input.track4b.es-en_208.2_deps.txt	35.714285714285715	40.0	53.333333333333336	61.53846153846154	56.666666666666664	65.38461538461539	75.0	84.0
STS.input.track4b.es-en_209.1_deps.txt	STS.input.track4b.es-en_209.2_deps.txt	25.0	11.11111111111111	0.0	0.0	33.33333333333333	12.5	50.0	22.22222222222222
STS.input.track4b.es-en_210.1_deps.txt	STS.input.track4b.es-en_210.2_deps.txt	63.63636363636363	63.63636363636363	78.125	78.125	81.25	81.25	93.93939393939394	93.93939393939394
STS.input.track4b.es-en_211.1_deps.txt	STS.input.track4b.es-en_211.2_deps.txt	43.75	46.666666666666664	37.5	40.0	37.5	40.0	81.25	86.66666666666667
STS.input.track4b.es-en_212.1_deps.txt	STS.input.track4b.es-en_212.2_deps.txt	55.00000000000001	52.38095238095239	30.0	28.57142857142857	50.0	47.61904761904761	80.0	76.19047619047619
STS.input.track4b.es-en_213.1_deps.txt	STS.input.track4b.es-en_213.2_deps.txt	50.0	47.05882352941176	100.0	93.75	100.0	93.75	100.0	94.11764705882352
STS.input.track4b.es-en_214.1_deps.txt	STS.input.track4b.es-en_214.2_deps.txt	41.66666666666667	41.66666666666667	41.66666666666667	41.66666666666667	41.66666666666667	41.66666666666667	100.0	100.0
STS.input.track4b.es-en_215.1_deps.txt	STS.input.track4b.es-en_215.2_deps.txt	64.70588235294117	64.70588235294117	43.75	43.75	50.0	50.0	88.23529411764706	88.23529411764706
STS.input.track4b.es-en_216.1_deps.txt	STS.input.track4b.es-en_216.2_deps.txt	42.857142857142854	45.0	82.6086956521739	90.47619047619048	82.6086956521739	90.47619047619048	90.47619047619048	95.0
STS.input.track4b.es-en_217.1_deps.txt	STS.input.track4b.es-en_217.2_deps.txt	45.45454545454545	50.0	60.0	66.66666666666666	65.0	72.22222222222221	77.27272727272727	85.0
STS.input.track4b.es-en_218.1_deps.txt	STS.input.track4b.es-en_218.2_deps.txt	20.0	22.22222222222222	0.0	0.0	0.0	0.0	40.0	44.44444444444444
STS.input.track4b.es-en_219.1_deps.txt	STS.input.track4b.es-en_219.2_deps.txt	25.0	33.33333333333333	0.0	0.0	0.0	0.0	75.0	100.0
STS.input.track4b.es-en_220.1_deps.txt	STS.input.track4b.es-en_220.2_deps.txt	69.23076923076923	75.0	91.66666666666666	100.0	91.66666666666666	100.0	92.3076923076923	100.0
STS.input.track4b.es-en_221.1_deps.txt	STS.input.track4b.es-en_221.2_deps.txt	53.333333333333336	55.172413793103445	68.96551724137932	68.96551724137932	68.96551724137932	68.96551724137932	93.33333333333333	96.55172413793103
STS.input.track4b.es-en_222.1_deps.txt	STS.input.track4b.es-en_222.2_deps.txt	42.10526315789473	42.10526315789473	27.77777777777778	27.77777777777778	27.77777777777778	27.77777777777778	89.47368421052632	89.47368421052632
STS.input.track4b.es-en_223.1_deps.txt	STS.input.track4b.es-en_223.2_deps.txt	16.666666666666664	20.0	20.0	25.0	20.0	25.0	66.66666666666666	80.0
STS.input.track4b.es-en_224.1_deps.txt	STS.input.track4b.es-en_224.2_deps.txt	50.0	47.82608695652174	87.5	91.30434782608695	87.5	91.30434782608695	100.0	95.65217391304348
STS.input.track4b.es-en_225.1_deps.txt	STS.input.track4b.es-en_225.2_deps.txt	47.368421052631575	60.0	47.61904761904761	58.82352941176471	47.61904761904761	58.82352941176471	78.94736842105263	100.0
STS.input.track4b.es-en_226.1_deps.txt	STS.input.track4b.es-en_226.2_deps.txt	40.909090909090914	47.368421052631575	47.61904761904761	50.0	47.61904761904761	50.0	81.81818181818183	94.73684210526315
STS.input.track4b.es-en_227.1_deps.txt	STS.input.track4b.es-en_227.2_deps.txt	50.0	58.333333333333336	38.46153846153847	45.45454545454545	38.46153846153847	45.45454545454545	78.57142857142857	91.66666666666666
STS.input.track4b.es-en_228.1_deps.txt	STS.input.track4b.es-en_228.2_deps.txt	47.368421052631575	56.25	41.17647058823529	46.666666666666664	52.94117647058824	60.0	78.94736842105263	93.75
STS.input.track4b.es-en_229.1_deps.txt	STS.input.track4b.es-en_229.2_deps.txt	18.181818181818183	22.22222222222222	66.66666666666666	85.71428571428571	66.66666666666666	85.71428571428571	72.72727272727273	88.88888888888889
STS.input.track4b.es-en_230.1_deps.txt	STS.input.track4b.es-en_230.2_deps.txt	61.904761904761905	65.0	84.21052631578947	88.88888888888889	84.21052631578947	88.88888888888889	85.71428571428571	90.0
STS.input.track4b.es-en_231.1_deps.txt	STS.input.track4b.es-en_231.2_deps.txt	57.14285714285714	59.25925925925925	78.57142857142857	78.57142857142857	82.14285714285714	82.14285714285714	92.85714285714286	96.29629629629629
STS.input.track4b.es-en_232.1_deps.txt	STS.input.track4b.es-en_232.2_deps.txt	47.05882352941176	50.0	42.42424242424242	46.666666666666664	42.42424242424242	46.666666666666664	79.41176470588235	84.375
STS.input.track4b.es-en_233.1_deps.txt	STS.input.track4b.es-en_233.2_deps.txt	50.0	50.0	88.88888888888889	88.88888888888889	88.88888888888889	88.88888888888889	90.0	90.0
STS.input.track4b.es-en_234.1_deps.txt	STS.input.track4b.es-en_234.2_deps.txt	35.714285714285715	35.714285714285715	7.6923076923076925	7.6923076923076925	7.6923076923076925	7.6923076923076925	92.85714285714286	92.85714285714286
STS.input.track4b.es-en_235.1_deps.txt	STS.input.track4b.es-en_235.2_deps.txt	28.57142857142857	33.33333333333333	15.384615384615385	20.0	23.076923076923077	30.0	64.28571428571429	75.0
STS.input.track4b.es-en_236.1_deps.txt	STS.input.track4b.es-en_236.2_deps.txt	53.84615384615385	53.84615384615385	41.66666666666667	41.66666666666667	50.0	50.0	100.0	100.0
STS.input.track4b.es-en_237.1_deps.txt	STS.input.track4b.es-en_237.2_deps.txt	0.0	0.0	0.0	0.0	0.0	0.0	0.0	0.0
STS.input.track4b.es-en_238.1_deps.txt	STS.input.track4b.es-en_238.2_deps.txt	28.57142857142857	25.0	38.46153846153847	33.33333333333333	38.46153846153847	33.33333333333333	92.85714285714286	81.25
STS.input.track4b.es-en_239.1_deps.txt	STS.input.track4b.es-en_239.2_deps.txt	42.857142857142854	45.0	82.6086956521739	90.47619047619048	82.6086956521739	90.47619047619048	90.47619047619048	95.0
STS.input.track4b.es-en_240.1_deps.txt	STS.input.track4b.es-en_240.2_deps.txt	69.23076923076923	81.81818181818183	41.66666666666667	50.0	58.333333333333336	70.0	84.61538461538461	100.0
STS.input.track4b.es-en_241.1_deps.txt	STS.input.track4b.es-en_241.2_deps.txt	58.333333333333336	53.84615384615385	75.0	69.23076923076923	83.33333333333334	76.92307692307693	100.0	92.3076923076923
STS.input.track4b.es-en_242.1_deps.txt	STS.input.track4b.es-en_242.2_deps.txt	56.25	60.0	56.25	64.28571428571429	62.5	71.42857142857143	87.5	93.33333333333333
STS.input.track4b.es-en_243.1_deps.txt	STS.input.track4b.es-en_243.2_deps.txt	50.0	60.0	60.0	75.0	60.0	75.0	66.66666666666666	80.0
STS.input.track4b.es-en_244.1_deps.txt	STS.input.track4b.es-en_244.2_deps.txt	50.0	50.0	33.33333333333333	33.33333333333333	33.33333333333333	33.33333333333333	100.0	100.0
STS.input.track4b.es-en_245.1_deps.txt	STS.input.track4b.es-en_245.2_deps.txt	42.857142857142854	42.857142857142854	52.63157894736842	52.63157894736842	52.63157894736842	52.63157894736842	85.71428571428571	85.71428571428571
STS.input.track4b.es-en_246.1_deps.txt	STS.input.track4b.es-en_246.2_deps.txt	45.83333333333333	40.74074074074074	33.33333333333333	28.57142857142857	41.66666666666667	35.714285714285715	87.5	77.77777777777779
STS.input.track4b.es-en_247.1_deps.txt	STS.input.track4b.es-en_247.2_deps.txt	37.03703703703704	43.47826086956522	32.142857142857146	36.0	32.142857142857146	36.0	85.18518518518519	100.0
STS.input.track4b.es-en_248.1_deps.txt	STS.input.track4b.es-en_248.2_deps.txt	44.0	47.82608695652174	66.66666666666666	72.72727272727273	66.66666666666666	72.72727272727273	80.0	86.95652173913044
STS.input.track4b.es-en_249.1_deps.txt	STS.input.track4b.es-en_249.2_deps.txt	60.0	57.692307692307686	45.83333333333333	42.30769230769231	54.166666666666664	50.0	88.0	84.61538461538461
STS.input.track4b.es-en_250.1_deps.txt	STS.input.track4b.es-en_250.2_deps.txt	38.095238095238095	42.10526315789473	47.61904761904761	52.63157894736842	52.38095238095239	57.89473684210527	85.71428571428571	94.73684210526315
