1.427
5
5
2.2025
3.3508
4.3206
3.347
1.7965
4.339
3.3206
4.2721
4.7461
3.6303
3.4918
2.8656
1.2301
4.8051
1.4121
1.1898
0.2451
0.9732
5
4.0481
3.115
0.8282
3.7233
2.2648
1.1568
2.4609
2.812
3.0101
2.1835
4.1586
4.4442
4.6293
1.557
3.842
4.5775
0.1973
2.9827
4.1737
2.9756
4.8116
4.5625
3.5694
4.3653
4.7923
5
3.6001
4.2193
2.6168
2.629
0.9389
1.6654
3.3181
4.4797
0.1505
2.3275
3.2619
4.8406
4.8721
4.0818
0.868
4.6423
2.8619
4.273
4.9159
4.2535
4.6208
1.8718
1.9121
2.3976
4.8116
5
4.2728
4.0148
4.4493
5
3.5207
4.6619
5
2.0413
0.2964
2.3384
1.1447
4.2278
4.8883
5
3.9052
0.5631
2.1875
1.4552
2.682
1.6151
4.1704
0.8968
2.2236
3.9818
0
2.403
3.8066
2.7296
2.1166
2.9703
1.9572
4.3141
2.9124
1.0273
3.2673
2.7224
1.6801
0.3854
3.4743
4.4749
3.2779
4.6265
3.5933
1.8452
3.6403
4.2443
2.5863
0.7024
2.618
3.4437
2.8203
3.9485
5
2.4933
2.7283
4.6704
3.9496
2.4416
2.264
1.3147
4.5546
4.646
2.6054
4.4242
2.9406
2.5642
1.4963
4.8849
4.4527
4.4931
2.9693
5
2.8998
1.9466
4.8864
3.136
1.7679
1.58
3.3348
4.3339
2.3184
4.1469
4.6094
3.3396
1.0906
2.8418
3.9066
2.9906
1.93
4.4946
0.7027
1.0759
4.8416
2.8212
4.0627
1.4409
4.6874
2.9301
2.6799
2.8983
0.6929
1.6753
4.3211
4.7037
0.1407
4.2771
3.6988
3.7568
4.872
3.3365
3.8506
4.0501
2.7767
1.533
1.5733
2.7813
3.0065
4.6356
3.0906
3.0945
1.7701
4.2987
3.0206
1.3418
3.0977
3.2045
2.8869
2.7284
0
2.3566
2.5843
2.6251
2.0542
2.0142
3.5951
2.5407
2.502
2.3495
0.6015
3.6181
2.4172
2.9924
5
2.9485
2.7253
3.8929
4.2727
1.2414
2.4298
3.8773
3.9113
0.6424
3.9342
0.2787
4.557
2.0447
5
4.19
3.999
1.3243
3.6497
4.3732
3.0068
2.0167
3.641
3.8163
2.4302
3.1861
3.4727
2.6524
2.1621
1.9361
3.712
3.24
4.208
2.2076
4.2399
4.416
2.1002
2.8677
2.9702
4.0429
3.7322
3.1057
4.3488
1.5033
2.5514
2.8905
5
2.661
3.6218
0.8745
3.0938
4.8079
2.6258
1.8186
1.5216
2.8056
5
3.2272
3.2856
1.9847
4.4856
1.5581
5
1.3853
3.6396
3.1701
2.5072
0.4237
3.4132
3.0795
4.4297
3.0735
1.0508
0.2501
5
1.0529
3.9212
4.7246
5
2.5279
2.1479
4.5268
4.1145
4.0153
3.0498
1.5888
4.9228
4.104
2.7612
3.1538
0.9719
3.5036
2.9387
4.6504
3.1703
4.505
3.8061
0.7597
3.8015
1.8049
1.6376
3.0735
2.7053
4.3474
1.9988
2.0703
2.4408
3.6371
5
4.8793
0.8021
2.3591
2.3742
2.4503
3.0403
4.8067
2.4432
3.8285
2.5601
3.9874
5
4.793
2.0994
5
4.8802
2.3544
2.1332
2.0691
2.4776
2.2424
4.4123
3.2627
4.6133
1.1787
2.6232
3.4792
0
2.4255
2.9717
0.636
3.9823
1.6959
3.5476
0
4.2751
3.1242
3.3625
4.7441
4.6488
3.8986
0.7108
1.5907
3.9767
3.7106
3.2645
4.6813
2.5534
4.2245
3.7966
3.5674
5
4.3859
2.1638
1.8873
3.0875
4.3389
0.9797
4.186
4.7396
2.4129
1.8726
3.1408
0.8325
4.7341
1.809
1.0049
2.9929
2.407
3.5324
4.4841
4.0855
3.642
4.7981
4.6282
1.6124
1.9532
1.6776
3.2684
4.4486
0.8117
2.8911
1.8623
4.4646
2.1556
3.5878
4.4952
1.9909
2.7828
4.0384
1.6718
3.0217
0.777
0.56
2.8829
3.3363
0.9579
4.9178
3.3704
3.6578
1.0724
1.2116
4.3368
2.1875
1.6654
4.5163
4.205
3.026
2.5037
4.0597
4.2648
0.6812
3.0478
5
1.9747
1.6883
2.8054
1.7347
3.8143
2.2104
1.1725
1.5356
0
2.7506
5
3.9041
2.9183
1.0634
3.5556
3.6535
3.6793
2.7388
4.3859
3.6219
3.1081
2.7022
3.057
5
0.5145
3.0773
1.3065
2.806
2.7096
1.9687
5
2.7504
3.7057
3.1759
2.6134
4.6911
4.1177
3.0731
1.9763
2.6425
1.7207
3.9644
2.5341
0.194
3.0006
0.6923
1.2889
3.335
2.419
2.242
3.9227
3.6197
1.774
2.1249
2.1832
1.9857
2.355
1.7583
4.6164
4.3707
1.3966
