3.6
1.6
1.8
0.8
3.023
2.9
2.3
0
1.3
4.8
3.6
2.07
5
4.1
2.7
2.4
1.0
4.5
3.4
0.2
2.4
0.9
1.002
4.58
1.5
0.4
3.9
4.8
0.3
1.7
2.7
3.6
2.4
2.7
4.3
1.9
3.9
3.09
4.6
1.2
3.068
4.3
2.3
3.3
4.1
4.8
1.32
4.3
1.7
0.2
5
3.6
2.2
0.7
1.173
0.789
3.76
5
1.8
2.4
0.5
0.8
0
0.6
2.90
1.4
1.4
3.02
0.7
2.89
4.5
1.5
3.059
1.865
3.260
3.591
3.437
3.238
4.063
4.376
3.341
0.23
3.694
3.740
4.838
2.482
5
1.429
3.219
1.261
2.738
4.317
2.972
3.619
1.550
2.859
2.594
2.766
3.160
3.471
1.052
1.901
0
2.043
1.927
3.097
2.882
3.240
0.629
3.263
3.612
2.667
2.468
2.251
5
3.757
5
1.894
1.345
4.522
4.155
2.006
3.738
3.775
2.723
2.665
2.879
2.614
4.299
3.752
1.979
1.765
4.8
3.472
0.467
1.908
1.514
3.468
0
2.048
1.528
1.600
2.981
2.230
1.848
4.007
2.115
5
3.456
1.497
4.502
3.003
5
5
5
1.473
2.331
2.856
1.761
3.591
3.195
0
5
5
2.666
4.219
2.344
2.376
2.720
5
2.517
5
2.552
2.119
2.819
1.719
0.527
1.680
1.190
2.496
3.540
2.247
5
5
4.2
5
2.776
1.978
3.615
0.514
1.615
3.59
3.815
0.906
0.838
4.088
2.586
1.178
2.753
4.466
1.504
1.401
0.467
4.614
4.05
2.726
2.823
1.543
2.367
4.202
0.216
2.643
2.333
3.496
2.918
5
1.928
4.233
1.617
3.785
2.500
3.572
1.43
2.751
3.873
3.771
5
2.853
3.223
1.859
2.323
2.361
3.316
3.373
4.3
1.354
2.617
3.164
2.249
2.65
4.351
0.072
2.468
3.74
0.306
5
3.029
3.884
2.802
3.006