1.0755
4.0429
2.9699
3.2293
3.137
1.755
2.4126
1.1832
2.994
2.6685
4.5182
3.7351
3.2008
1.1043
2.9644
4.0797
2.9366
2.3123
4.2654
1.4198
4.2575
0.9552
4.1408
0.4123
1.6066
3.3615
3.8058
1.2582
2.627
0.9817
1.8406
0.4147
2.0733
2.2667
3.2662
3.4147
2.1097
5
2.2489
2.8576
3.7463
5
4.9193
3.2206
5
5
3.8841
2.8552
3.4238
2.1249
2.7194
1.1766
2.5004
3.1173
4.4779
4.7811
4.445
3.7364
3.8535
1.0536
3.8573
0
4.7397
3.2744
5
0
2.2875
4.4387
2.884
3.7754
1.2422
3.3721
4.2357
3.3591
4.8952
3.409
3.1396
2.6725
0
4.7516
1.2843
4.3125
3.0806
2.2437
5
4.6581
0.2024
4.2329
5
4.6573
0.8581
4.1715
2.588
1.6714
3.676
2.462
2.3124
5
2.9824
4.1697
4.1509
0
4.6707
4.149
3.854
2.5997
4.4716
4.7529
5
2.3976
1.6591
2.802
3.6911
2.161
4.8746
5
0
2.7739
2.7093
3.9762
1.3781
0.4049
0.9815
2.0811
1.6819
2.8094
3.5276
3.9848
3.4704
0
3.6711
2.3107
1.19
1.0585
4.6797
3.2235
0.5161
2.3584
4.3805
0
2.1922
4.7041
3.1264
4.2636
1.7168
2.3962
2.6662
2.7253
2.4545
2.8176
5
3.4759
4.8751
3.8535
2.0135
2.3774
5
2.2913
4.5222
4.5518
3.8086
4.5661
2.5986
4.0791
2.1666
3.5739
0.9512
3.3099
3.8219
1.5441
0.9613
1.3821
4.5515
1.7614
3.8251
4.0009
3.8282
4.0082
3.8554
2.1815
2.3093
0.9805
4.8972
1.9775
3.9462
1.3564
1.0702
2.1555
1.3084
1.1927
1.5497
1.0505
5
0.8813
3.0703
1.2183
2.657
1.5849
1.931
4.0583
5
1.1022
5
0.6103
0.9003
2.1499
1.8983
5
2.8388
4.4855
1.9922
4.5542
1.7943
2.9578
2.6779
5
1.1516
3.0433
4.418
2.6545
0.6427
2.7299
1.8385
4.7289
2.5304
2.9835
2.0472
2.3194
0
5
3.1139
4.2145
2.1828
3.9839
2.8101
3.9431
3.9138
1.2375
3.6984
2.4621
1.0619
3.0237
4.0875
3.723
2.7242
1.6031
3.8418
1.4131
4.8
1.3349
