194 63 85 85 127 137 50 50 63 178 85 185 	194 63 85 85 127 96 50 12 	4.000
94 147 147 65 	101 175 123 85 85 65 37 85 	3.750
23 68 191 196 191 70 196 93 	58 148 1 23 193 196 93 	2.800
48 166 36 106 92 124 81 	48 190 36 106 92 178 170 42 93 23 	3.400
169 20 79 182 87 87 156 93 	169 98 79 98 87 	2.400
147 0 147 87 12 147 	147 156 147 43 147 147 147 	1.333
64 0 25 156 162 30 137 64 64 	0 145 156 147 53 137 147 107 147 23 23 	4.600
64 129 191 177 64 	196 64 191 119 177 	3.800
166 10 47 82 82 82 156 	10 139 82 82 82 64 	4.200
102 102 102 102 102 85 102 85 	112 137 137 81 153 102 81 	2.600
127 14 28 80 181 181 197 156 65 119 	80 165 156 65 119 14 28 133 181 	4.400
154 8 161 124 8 	190 8 161 124 8 9 8 	4.200
64 12 12 84 64 	64 12 12 84 92 64 	5.000
36 36 138 36 36 36 36 	36 36 36 36 36 36 106 36 	5.000
179 25 87 	166 145 43 	5.000
129 148 99 	64 64 148 64 	3.400
12 87 37 175 	37 87 175 87 	5.000
87 52 97 45 67 52 20 179 	23 52 144 52 23 173 173 	4.000
42 152 71 104 	88 71 42 152 	3.200
88 80 85 164 164 151 50 	85 164 164 50 50 88 	5.000
84 79 52 52 92 	64 52 64 52 52 92 	4.400
93 102 9 86 	193 86 47 178 156 	3.600
64 127 119 119 	64 14 38 28 14 61 	3.600
169 98 79 87 	57 50 87 98 98 109 79 87 	0.800
64 147 147 	105 167 64 169 64 	1.400
186 9 40 193 153 54 23 9 	23 23 40 23 137 161 23 193 	3.200
173 81 191 191 191 173 	173 81 105 191 19 173 191 173 173 167 	3.800
95 10 76 51 10 151 76 	198 10 10 10 76 10 151 	4.200
193 156 193 193 193 193 38 	193 167 193 193 84 84 	3.000
0 161 121 35 92 121 104 146 100 60 121 	185 0 121 35 92 121 147 146 	3.600
149 62 85 17 87 63 	147 149 62 17 87 43 12 186 	3.000
156 63 89 63 	156 47 89 	3.000
119 9 199 	12 182 	3.000
64 93 64 64 144 103 64 64 	64 64 144 64 64 116 144 22 	4.800
186 87 79 87 	180 186 87 17 79 87 172 87 74 	2.500
193 86 160 109 26 	193 86 160 109 132 	2.250
64 147 147 12 	64 64 147 64 65 8 156 	3.500
124 135 135 	47 47 124 47 47 47 	3.500
116 23 	191 23 	3.000
157 9 128 93 	42 54 61 93 11 10 	3.000
147 128 147 147 	147 128 147 147 147 	3.667
23 82 82 82 82 27 82 197 0 82 	0 29 82 159 178 156 177 179 	1.667
120 52 168 70 106 51 51 102 167 101 	52 23 51 51 102 167 101 51 23 52 114 167 	3.600
141 162 51 64 194 113 92 	92 5 102 92 92 60 53 60 	3.800
156 47 196 196 196 	62 153 196 62 196 	3.400
153 92 50 153 153 101 50 	168 91 153 153 50 50 92 50 153 153 	3.400
9 161 78 191 191 191 147 191 	9 161 78 176 	3.800
164 21 21 76 60 147 111 129 10 	164 21 21 192 60 76 64 	2.800
23 52 52 23 117 146 190 190 23 	117 146 190 190 103 23 23 23 	3.750
115 148 47 107 107 107 107 76 107 107 47 	123 148 157 7 148 151 40 71 139 	4.400
179 166 179 	166 166 180 	3.750
175 11 0 124 40 157 52 150 184 26 	175 11 0 52 40 192 	3.750
141 141 141 141 34 64 	141 141 141 141 141 	2.250
64 64 23 23 64 	50 10 23 64 	3.800
65 184 190 23 23 23 	3 192 65 190 161 	3.200
64 64 87 87 156 147 147 	147 132 147 115 147 156 147 147 33 70 	3.800
92 104 177 82 137 92 81 	92 92 92 190 52 8 92 92 	4.800
119 119 121 153 30 	119 119 156 54 153 54 12 	4.000
23 23 104 23 82 23 121 153 153 153 153 83 	23 23 23 23 23 104 23 176 23 153 153 83 	1.400
198 179 74 198 23 64 198 	198 180 161 192 198 198 23 198 198 52 	4.200
192 12 13 62 92 72 177 30 	192 12 13 113 39 90 64 193 	1.800
85 84 147 84 64 64 64 64 64 	12 64 147 84 64 64 64 64 67 64 	4.200
85 0 161 161 108 	85 161 161 161 161 47 85 147 	2.000
14 11 59 4 16 178 196 123 	74 14 40 71 59 4 16 	2.600
45 45 	45 45 	3.250
153 197 153 153 153 64 16 16 134 153 	187 153 153 153 137 64 16 110 153 134 153 153 	5.000
199 17 87 199 186 166 	199 199 166 	3.000
48 191 45 176 9 9 86 64 64 59 	9 9 9 55 190 55 142 64 64 9 	3.750
40 12 152 161 152 21 152 190 	190 190 152 152 40 190 190 161 21 152 190 	4.250
76 145 169 147 58 0 147 	169 147 0 147 166 58 76 145 	4.750
65 196 196 196 196 196 	65 196 196 196 196 196 3 45 	3.250
9 85 85 0 99 85 189 101 137 169 186 156 135 	157 101 85 101 92 60 148 0 169 186 101 85 156 135 	3.750
152 177 103 141 	152 177 141 103 141 59 	3.250
64 80 49 22 49 64 	80 119 49 49 49 119 	3.800
23 34 34 	34 34 23 	5.000
196 64 39 85 19 100 87 100 100 	88 19 100 87 100 100 196 64 	3.600
51 137 0 65 184 	156 51 137 0 65 137 137 	3.800
0 196 196 0 196 	196 196 196 60 148 	2.000
166 129 63 177 45 142 89 	166 180 153 39 127 142 89 	3.400
167 83 23 147 190 196 196 	167 167 23 147 190 	4.200
113 92 186 186 186 35 64 93 87 93 	186 91 186 118 92 91 186 186 	3.400
171 	165 120 120 171 	3.000
110 73 156 119 105 119 119 	110 73 156 105 119 64 	3.000
83 18 186 	83 173 186 32 186 28 	3.250
64 64 64 64 64 147 64 64 	64 129 64 23 64 64 	2.750
85 85 128 87 85 	85 85 87 85 12 	2.600
102 102 85 119 85 	85 102 85 85 30 	3.400
0 190 81 80 80 70 190 84 178 	137 190 80 80 190 84 81 	3.600
86 45 23 9 106 123 	23 191 105 45 23 9 123 23 	3.600
119 119 156 80 98 120 120 	119 119 119 156 119 179 98 95 120 120 	4.800
147 147 40 147 87 87 147 35 141 147 147 	186 147 186 190 40 87 87 127 147 147 35 141 	4.000
60 161 127 156 112 	60 127 112 	3.600
30 42 42 11 30 42 42 30 30 30 30 42 166 11 166 	62 42 42 11 11 166 30 30 29 30 30 42 	3.400
45 111 111 65 	45 111 111 76 111 	2.400
85 85 147 	85 85 147 11 	4.222
58 14 	9 11 23 14 88 	3.000
92 58 81 161 0 85 	186 81 11 137 58 81 0 	3.000
179 87 87 179 91 177 76 	84 87 91 91 91 91 166 	2.750
30 193 13 170 122 13 170 30 141 	30 48 30 160 14 13 170 14 13 14 14 	4.000
92 51 137 8 156 	55 92 131 51 137 8 49 	1.750
178 178 178 178 179 198 155 155 198 	110 171 137 177 23 130 155 155 	1.750
74 119 59 	12 12 145 119 	4.500
152 91 9 50 82 82 42 178 152 144 82 	0 82 91 152 42 178 152 177 82 82 	3.250
30 30 139 119 30 193 	30 30 61 30 193 	5.000
154 64 117 166 169 64 64 64 71 	117 166 158 64 64 64 64 	3.000
137 147 11 85 85 147 11 51 	137 43 123 85 85 198 85 85 147 	2.800
68 148 71 93 42 44 	71 71 175 148 71 14 28 113 	2.667
96 161 161 138 102 85 63 89 96 102 	96 161 85 102 85 14 96 85 	4.000
161 104 	161 104 	4.400
30 161 30 30 30 30 42 151 30 30 42 	30 161 30 30 30 42 30 30 42 30 30 30 	4.250
85 83 85 156 147 85 153 74 	153 58 85 156 85 85 	4.176
167 145 	187 	3.000
112 12 	12 119 160 119 	2.500
30 127 153 30 136 165 156 73 48 147 188 188 12 68 30 30 30 161 	13 30 188 188 197 147 12 13 13 13 193 161 	3.800
91 85 30 	91 123 85 30 	4.600
190 85 190 85 85 85 163 	36 177 85 190 85 185 85 85 85 	1.400
85 69 102 69 69 69 69 60 102 	102 102 40 102 102 69 69 69 102 	2.800
124 58 142 21 9 189 	123 189 0 116 142 87 9 189 	2.800
149 166 59 54 97 	59 54 149 	4.200
90 147 0 0 0 147 85 	0 147 147 156 147 147 58 	1.000
71 71 98 167 167 167 167 	71 71 52 3 167 167 167 167 	4.200
12 177 53 177 120 	177 177 177 53 43 12 	2.750
90 	9 9 	2.500
104 184 48 152 184 39 137 137 	104 184 162 184 184 152 184 	3.500
138 127 101 101 	138 76 101 	4.750
30 30 30 30 30 30 156 30 	30 30 30 30 30 30 0 70 156 30 156 12 	3.000
140 9 70 70 70 153 49 111 30 56 30 	27 9 1 23 23 23 30 8 111 56 30 	4.000
139 81 85 87 87 155 85 	189 42 42 87 87 87 	2.000
84 68 68 68 83 165 12 176 165 165 177 	84 68 68 83 165 156 	3.200
18 58 93 178 186 191 	58 93 178 100 191 191 	3.600
170 93 109 132 193 48 48 9 71 70 	65 70 170 70 70 48 48 9 70 71 70 	3.800
30 30 30 30 30 56 30 30 30 30 30 	30 90 30 30 30 30 30 30 30 56 30 	5.000
141 141 141 141 	123 152 141 141 90 141 141 141 	4.000
184 58 1 	115 58 	3.000
162 177 190 81 152 127 152 	177 190 81 152 152 	2.500
119 89 63 106 148 64 	49 49 	3.000
89 64 64 14 	138 14 118 14 	4.000
68 70 17 7 127 102 70 65 102 	17 7 85 70 102 0 	3.000
74 6 37 147 85 	85 90 102 35 85 	2.625
2 85 83 85 93 93 93 85 116 85 43 	167 85 43 93 85 49 123 85 43 	3.200
90 90 186 132 110 90 12 	90 90 186 132 90 90 47 53 90 12 	4.000
158 43 185 39 157 157 161 39 139 39 	158 74 185 11 157 157 161 143 191 	3.200
190 198 190 153 8 	198 190 153 19 	2.400
178 9 60 113 152 166 0 152 23 60 152 60 	92 179 9 60 113 166 0 152 23 128 61 60 23 191 152 152 	4.400
198 198 45 123 156 65 10 181 6 	198 198 45 123 186 156 65 181 6 105 169 	3.600
147 101 87 0 166 12 87 63 55 166 147 	148 64 181 23 10 88 88 88 88 	3.600
82 82 5 5 158 141 5 	82 82 158 82 5 5 5 	4.600
85 87 0 21 82 182 100 	87 0 21 186 115 21 	4.400
196 55 43 91 34 34 40 165 55 	127 91 34 34 127 165 55 196 55 	4.400
33 178 30 122 30 52 	30 122 119 52 33 178 153 	4.600
177 144 141 144 165 144 199 141 166 	177 144 141 144 12 166 199 	4.400
167 113 197 9 91 132 159 91 190 	9 195 132 159 91 95 93 	2.600
127 125 67 67 181 	175 88 50 181 	3.600
175 148 25 147 147 	148 25 147 147 147 	4.200
70 64 54 70 64 64 28 119 61 	64 54 70 64 64 11 	3.200
175 64 143 89 	64 64 91 89 	2.000
43 163 177 127 72 171 171 	43 163 11 	2.800
17 68 143 187 187 24 174 187 	17 68 143 187 187 153 96 41 	1.600
196 23 23 16 148 76 	196 171 139 190 148 	3.400
112 185 85 57 85 87 85 85 85 	85 25 85 57 85 87 85 115 85 	4.000
82 82 82 60 82 82 	82 82 82 60 82 	2.600
100 190 192 158 56 100 186 186 100 157 93 30 100 	12 192 158 67 186 19 186 186 157 30 30 186 100 186 	2.800
42 85 85 58 149 87 0 	85 58 149 87 87 85 0 	3.000
64 64 11 10 87 87 43 152 164 	122 87 87 110 152 4 	3.600
23 186 64 64 168 74 23 23 56 137 137 137 137 148 137 92 	23 186 64 64 168 12 23 6 92 146 92 92 104 113 64 148 92 92 	5.000
64 64 64 64 64 64 64 78 64 	23 23 23 158 12 195 83 119 195 23 	3.400
71 91 191 199 164 191 129 	129 145 48 191 199 164 174 129 	4.000
14 192 93 96 170 170 163 	14 12 47 	4.000
36 119 122 77 199 199 77 83 	86 0 119 122 110 199 199 	3.500
64 64 96 4 96 65 135 20 189 	96 4 96 22 20 189 89 	4.500
174 111 111 89 	174 0 111 111 111 144 	3.200
100 67 11 11 	11 11 12 	3.800
87 145 165 91 87 76 87 65 	87 91 91 87 87 76 87 81 	3.200
139 33 139 12 49 64 14 65 49 49 21 88 	184 56 138 139 49 14 65 49 49 21 88 	4.000
138 76 120 83 121 153 153 138 	138 76 120 83 121 153 64 177 	3.000
92 177 156 	156 	4.250
192 192 192 110 168 162 113 192 84 	199 84 184 184 84 	1.500
30 119 	192 119 	4.250
34 164 111 164 111 111 111 111 138 10 	135 10 28 111 111 138 138 164 164 111 164 111 	4.250
133 27 87 98 98 79 87 	169 98 87 79 87 	0.750
184 122 111 158 132 111 111 184 	59 122 111 158 116 93 164 60 184 	3.000
88 123 43 88 116 57 154 166 12 	197 43 103 116 57 104 	3.500
55 64 64 178 190 59 64 64 64 	55 64 190 190 59 64 92 194 	3.750
160 3 116 160 89 	115 160 134 	4.000
12 188 186 87 57 87 75 0 79 	186 87 133 156 72 102 147 79 87 	1.750
12 79 4 12 35 189 35 0 90 	25 192 35 12 35 0 108 90 	1.750
137 137 137 3 3 137 145 3 137 22 	137 11 137 137 137 137 3 58 178 3 58 22 	3.750
72 76 64 10 181 191 	10 181 191 	4.000
147 32 87 12 147 147 147 	147 124 0 147 147 147 	2.000
23 23 189 153 23 92 	52 189 153 23 60 73 	3.400
21 17 156 147 147 147 169 147 74 	147 160 113 81 11 11 113 142 17 0 147 147 147 169 147 	1.400
12 116 90 106 30 190 	30 190 65 116 90 106 	4.800
180 85 156 87 	85 87 180 156 87 	2.000
1 76 0 1 1 93 1 150 1 1 	76 1 93 100 150 150 1 178 	3.400
127 127 138 144 177 165 127 127 159 	166 127 166 183 165 127 73 127 	2.400
84 47 193 170 84 18 193 40 47 	193 54 193 177 193 23 	3.400
34 153 181 85 168 153 23 23 23 64 23 70 13 	23 23 153 181 168 168 153 23 64 23 70 13 	4.800
147 57 83 161 93 	178 147 161 93 	2.600
169 87 87 79 87 	11 196 98 87 12 12 	2.400
33 9 54 67 195 45 34 	33 9 54 34 192 	2.600
87 0 93 85 12 	12 0 85 93 85 	2.800
194 189 91 12 184 189 189 189 91 71 189 189 189 	178 189 186 189 189 189 91 12 189 189 189 	4.400
102 138 49 116 141 	138 49 142 141 122 41 	3.200
116 	150 193 	2.400
72 19 137 102 178 52 52 52 	175 64 137 102 178 72 19 137 52 	4.000
147 0 147 156 3 	39 147 147 147 0 147 156 3 	3.250
119 88 61 88 119 41 88 88 	12 88 61 88 30 41 	4.000
11 98 70 70 8 36 98 70 70 11 93 	98 30 70 8 197 98 70 70 11 11 98 	2.750
59 35 64 190 190 	59 35 190 81 	4.000
186 87 79 87 87 87 156 	186 87 3 110 87 32 0 79 87 	3.600
154 47 63 	9 154 47 63 	3.600
156 93 35 37 87 	156 93 40 81 178 87 	4.400
191 88 166 88 166 88 166 	18 191 88 166 88 166 88 88 166 	3.800
162 1 	23 23 99 190 23 23 	4.200
100 4 23 9 32 198 31 	151 122 122 100 4 23 9 32 31 	3.600
147 88 114 102 70 	174 30 114 114 	4.600
180 65 198 129 129 37 173 11 	180 65 198 129 129 173 145 	3.600
129 129 197 	63 	3.250
52 64 	52 52 52 192 	4.000
64 174 161 	64 64 191 161 	4.500
78 87 98 98 57 87 	98 78 87 98 98 109 40 87 	2.500
17 101 17 17 17 17 	17 101 17 17 17 17 51 26 17 	3.750
30 30 65 156 65 137 101 30 87 87 87 	30 30 65 156 65 60 101 30 	4.000
186 87 17 87 98 37 87 87 	91 87 17 127 79 87 	1.500
151 12 60 60 	151 83 60 83 83 23 129 	3.750
64 12 190 190 190 190 	18 40 67 190 190 	3.455
191 67 83 42 60 197 42 9 67 64 	28 9 173 49 67 83 1 60 9 	5.000
95 30 177 177 8 39 	177 177 95 8 39 	3.750
158 24 24 74 173 24 24 62 24 24 48 	164 24 145 24 74 173 24 145 24 191 45 164 	4.000
186 87 79 87 	186 87 79 87 	2.500
170 170 	199 199 170 170 23 145 	0.250
179 11 70 190 	11 11 11 70 52 	1.750
64 52 33 58 23 23 11 184 147 132 	64 64 33 163 58 23 23 23 132 11 184 	5.000
154 154 19 55 159 	55 7 41 55 159 61 	3.833
118 52 175 87 156 64 152 13 	70 87 156 190 64 93 13 13 190 175 	3.750
76 102 180 12 	3 161 71 102 180 	3.250
36 84 59 75 185 175 	117 25 64 197 84 75 65 75 185 	2.750
193 30 30 30 30 86 30 30 163 30 30 30 	30 30 30 30 86 30 81 30 	3.000
190 40 85 	84 62 85 93 	4.400
82 188 177 127 145 170 152 152 	82 127 145 150 152 152 	3.200
102 102 137 77 8 77 12 70 85 	102 102 110 85 104 110 110 76 137 77 85 110 	4.600
53 128 138 138 138 	30 128 	3.600
190 85 44 187 85 85 85 138 85 	190 85 87 85 85 	4.400
192 169 28 156 76 181 181 7 	192 169 88 156 30 156 76 30 	3.400
80 4 8 4 105 4 4 4 0 90 	4 4 4 4 4 4 170 4 8 	4.056
23 91 147 30 50 50 23 11 161 11 11 12 	98 23 98 30 50 50 23 49 175 	3.500
167 67 191 133 101 186 161 85 21 180 	21 60 57 67 147 191 133 60 186 85 85 	5.000
119 28 89 180 40 28 	119 28 180 40 28 	3.000
156 161 64 64 64 	64 64 145 4 64 	3.750
199 110 10 17 101 128 142 105 192 0 	142 178 127 199 192 7 17 67 142 105 0 0 	4.000
5 119 119 30 26 120 189 150 170 	30 30 119 116 120 120 120 120 	4.000
78 87 98 98 69 87 	57 143 87 98 98 32 79 87 	4.750
146 67 9 71 9 9 71 146 10 10 10 146 	146 190 142 71 9 180 71 146 10 10 	3.750
70 194 166 179 119 12 70 179 179 177 12 177 	123 179 119 12 70 115 54 12 	3.800
61 191 30 38 30 38 40 	30 30 170 191 30 38 30 193 	4.000
65 29 113 71 17 159 	51 29 71 17 159 68 79 	3.500
137 166 33 86 137 	144 120 87 58 58 78 147 	3.176
152 141 111 111 90 111 158 	173 61 111 111 90 111 111 	4.200
111 89 184 64 107 	93 64 58 	3.400
92 85 15 147 158 87 147 147 87 	92 85 15 147 158 87 147 147 191 87 	4.600
137 11 11 55 172 190 190 	49 52 190 64 	4.000
196 196 78 196 191 196 	196 12 196 196 196 191 	4.000
89 23 156 30 178 156 156 119 	89 119 23 23 23 156 12 178 	3.250
58 133 152 12 	79 133 12 	3.643
152 161 93 43 156 	111 161 43 93 43 	3.600
147 137 137 137 137 102 137 137 116 137 137 154 	82 82 137 137 137 137 137 137 137 194 137 137 	4.000
169 98 32 79 87 118 92 	1 50 87 98 98 79 87 	1.000
184 81 101 36 101 175 	81 81 175 	3.400
164 186 190 111 104 160 171 104 	190 104 104 160 171 104 	1.750
56 10 45 	40 45 45 37 	3.000
50 64 	136 136 179 64 	3.250
64 64 	52 64 37 158 158 	2.750
23 23 146 23 23 	23 23 146 23 	3.400
102 102 102 30 102 102 102 25 102 102 102 22 	82 59 102 102 15 102 102 22 	3.600
156 84 119 187 187 198 96 127 43 34 34 167 156 	156 34 84 198 96 127 43 34 138 167 156 65 	3.200
147 127 9 9 43 196 147 147 	147 129 43 43 177 33 87 147 147 12 186 	3.200
40 2 162 92 166 	105 92 9 	2.800
161 93 12 136 136 90 43 12 	64 161 93 136 47 	2.400
71 113 71 173 172 138 71 71 137 137 	71 113 173 172 138 93 93 71 93 157 137 137 	3.400
85 110 147 40 105 147 79 105 45 	189 199 40 105 79 83 93 	3.600
147 87 156 147 63 	85 87 3 71 87 	3.800
9 9 67 67 67 146 	67 67 146 191 	3.400
85 85 139 	102 85 85 9 85 169 165 	4.800
91 127 91 91 12 	113 91 91 127 91 12 	3.800
164 188 25 25 87 25 25 87 	25 25 166 25 25 162 191 29 186 91 43 	3.333
147 157 147 157 	147 87 157 147 33 63 	2.500
148 129 91 177 161 	129 91 177 161 	3.500
50 118 	102 75 50 	1.900
85 18 7 187 78 96 175 	50 50 85 86 175 78 	3.000
87 18 85 73 82 82 	87 125 82 43 85 83 	3.600
186 87 79 87 	186 87 17 79 87 	2.400
37 129 107 	185 185 37 129 107 	3.200
197 115 43 199 77 184 	197 115 167 106 115 43 199 77 184 	2.000
64 	64 64 	3.800
38 98 	27 191 98 98 32 38 	3.000
6 166 119 152 152 152 152 	0 166 119 119 98 59 152 152 	3.692
155 155 155 155 155 155 	155 67 71 155 155 199 	3.000
76 151 151 73 93 17 17 	189 76 45 151 73 85 	3.000
64 67 64 190 106 64 67 64 82 186 	27 64 67 78 82 82 	2.750
181 87 0 27 27 181 27 	181 0 27 27 181 27 	3.250
153 169 102 86 153 161 52 153 153 102 	146 102 86 139 153 153 153 153 102 153 153 	3.250
196 71 18 81 	71 178 81 	3.750
38 57 9 176 156 	30 21 30 9 176 156 30 	3.600
87 155 186 186 87 186 83 83 34 138 19 187 	85 87 87 186 83 83 34 95 19 187 	3.500
91 190 190 70 70 60 	70 70 60 190 190 91 	5.000
191 129 191 100 191 191 116 83 	191 129 191 100 191 191 	3.750
163 177 177 177 177 177 97 146 83 163 177 177 70 177 	9 177 91 177 177 144 144 19 83 163 12 	3.000
179 188 138 42 73 	0 179 138 	4.000
84 60 64 12 29 35 	95 60 64 12 23 	3.333
138 127 166 177 177 177 102 190 	127 165 127 177 177 146 169 190 	3.333
180 179 178 186 104 98 	98 180 179 	4.667
52 182 118 1 196 	191 59 118 1 30 190 190 	3.333
111 111 111 111 111 	191 92 111 111 	2.600
65 156 69 141 83 83 122 169 169 19 141 83 100 89 122 	35 77 87 141 83 177 169 169 19 141 83 100 138 191 	2.400
92 12 167 184 	39 87 184 167 39 107 	3.857
164 164 164 164 164 65 164 102 127 	164 164 164 164 164 0 146 	1.800
192 192 128 101 192 192 	102 102 102 192 192 102 102 101 192 192 	3.600
190 190 196 196 196 71 	190 190 196 116 190 67 190 190 	2.400
152 42 178 152 177 178 82 	0 82 124 152 42 178 152 177 82 82 	3.000
124 47 47 	124 47 47 	2.000
156 147 1 147 	85 93 0 85 137 	1.600
166 157 162 	145 8 162 	4.000
89 87 100 60 70 110 65 0 87 87 166 70 	87 110 70 65 70 76 	3.600
137 47 47 47 53 66 95 	47 47 47 68 79 	3.800
23 76 177 177 12 12 	76 127 177 79 127 112 	4.400
0 190 190 190 23 30 139 162 	0 190 190 23 	3.000
64 64 64 64 49 64 	64 64 64 64 139 64 64 146 	3.800
147 186 87 0 79 87 87 87 93 	180 186 87 0 79 87 	3.000
119 64 34 156 96 	119 64 156 34 156 	4.250
10 33 171 0 87 	0 87 14 0 87 	1.273
29 78 87 98 98 32 79 87 	169 98 109 79 87 175 	1.000
191 62 185 45 157 157 	157 45 157 157 87 87 157 51 	3.000
64 148 12 11 	9 174 64 	4.000
136 12 111 111 	160 111 111 11 74 	3.500
85 127 91 177 	85 127 85 91 113 91 	4.000
119 196 105 9 65 13 156 71 180 	105 9 65 156 71 180 	3.250
169 98 79 87 	169 87 17 87 12 191 12 	2.000
147 128 156 147 147 147 147 	147 128 87 147 147 	1.000
166 127 166 82 64 197 82 152 177 	166 29 64 48 65 152 30 	3.000
51 111 111 46 190 190 190 43 111 34 	51 111 111 46 180 10 59 	2.600
84 147 84 151 	85 190 190 190 147 84 151 	2.600
152 152 196 186 152 152 	196 43 152 152 186 147 	4.600
191 191 191 191 	104 122 127 	3.200
196 0 191 23 156 168 58 65 147 23 23 	23 156 168 58 65 147 23 23 	3.000
64 64 79 79 34 61 192 	87 84 79 79 79 79 192 	4.750
141 111 	142 111 111 	4.500
85 147 74 85 175 	68 85 153 85 147 85 85 85 175 	2.750
138 138 184 175 91 84 	199 84 184 184 84 	2.200
11 98 147 73 88 117 166 73 	53 147 73 88 117 166 73 	3.000
147 100 182 0 147 87 63 12 147 147 	100 147 75 156 147 32 87 147 12 147 147 186 	2.400
30 40 30 84 83 91 96 116 193 84 	30 40 32 91 26 91 96 	3.000
9 158 88 9 42 9 190 9 42 156 156 	9 158 186 42 9 190 31 120 42 156 	3.000
181 197 71 2 71 71 85 9 9 23 	123 94 71 2 71 71 85 180 	4.000
14 199 104 186 141 	171 186 141 	2.588
129 191 95 177 	177 170 127 176 147 105 95 177 	3.600
12 0 87 196 91 0 87 196 	0 87 196 129 0 87 196 91 91 	4.667
67 57 42 174 76 8 76 	67 57 42 174 76 	3.333
92 85 87 	17 148 92 85 146 79 87 	2.333
33 196 79 190 74 196 190 	33 196 79 57 	3.333
59 18 18 161 137 137 64 64 	59 18 178 161 137 137 178 137 	3.000
160 138 190 23 177 	138 190 23 177 	2.250
184 114 130 163 	10 110 114 130 	2.500
91 191 23 23 60 164 186 	9 136 9 60 164 186 	3.250
177 82 150 165 53 	177 177 140 165 53 67 38 58 177 	4.000
110 64 6 93 153 11 	110 64 64 64 133 93 153 11 	4.500
194 14 64 28 	14 64 64 58 	3.500
147 11 178 101 161 162 156 147 68 101 157 91 161 	3 178 101 11 156 147 170 101 157 91 161 	4.750
181 177 177 177 166 33 166 	181 85 160 181 179 190 	2.000
64 64 64 64 2 	64 64 64 64 2 64 	3.600
64 129 	129 122 	2.769
11 64 64 93 153 153 	64 89 64 93 153 153 	3.400
187 85 156 87 	102 85 92 23 186 182 156 87 	4.000
48 189 146 145 81 48 145 145 67 162 	48 48 163 145 81 64 150 188 	3.500
36 13 5 116 	191 36 13 5 	2.000
70 161 14 100 145 	100 85 100 145 85 	4.000
8 85 188 23 64 	64 8 23 64 43 	2.800
48 147 147 10 147 87 	147 147 103 103 87 	1.400
6 76 116 190 116 179 	116 190 116 179 86 	4.000
12 		3.200
153 87 22 153 22 153 153 153 153 156 87 153 153 153 0 87 	65 182 156 26 26 100 150 150 0 87 	1.800
10 184 10 51 167 	93 137 137 10 51 167 	3.400
134 104 184 93 147 193 194 	147 193 194 134 104 184 93 	4.733
77 81 102 4 85 108 156 53 85 	102 184 108 110 53 49 85 110 	1.600
23 95 52 117 104 104 1 104 129 	95 190 117 129 134 	3.200
14 100 147 50 147 50 50 137 92 	92 195 100 147 50 50 	4.800
87 85 87 156 87 87 85 85 156 87 2 85 85 	51 97 87 156 87 2 85 85 87 87 85 85 	1.400
183 102 92 102 118 118 81 	118 134 183 118 81 	2.600
119 119 179 119 116 119 169 119 119 175 178 	119 119 119 109 119 119 179 119 12 119 	3.500
69 11 	143 2 	3.750
84 142 79 142 64 	84 27 64 	3.250
185 147 28 81 20 156 87 96 85 	28 81 17 0 147 98 87 	1.750
23 119 136 119 119 156 119 34 	90 171 136 119 42 	3.000
85 10 81 178 25 137 77 25 	18 25 77 17 66 25 	3.500
125 64 122 84 	64 84 64 64 	3.250
169 98 79 87 	90 8 90 90 90 90 0 90 12 90 90 	2.250
153 93 77 71 	172 137 129 169 93 71 195 	4.000
147 147 151 147 87 	147 147 147 32 147 147 151 87 87 	3.250
111 187 187 72 187 111 111 111 51 23 111 	72 187 111 34 161 111 111 104 135 104 	4.250
160 		2.400
0 87 196 156 87 163 59 109 	163 59 109 0 136 	2.400
90 90 	168 90 147 170 	4.000
83 156 87 145 145 	13 83 0 87 145 156 87 	3.000
91 83 83 91 91 83 65 	76 91 91 91 190 91 91 114 57 91 91 83 	3.400
147 81 147 156 147 0 3 147 147 147 	147 156 147 65 148 0 87 147 178 	3.800
128 71 45 18 11 157 157 	128 45 44 71 157 157 	4.000
159 93 7 53 	159 93 	3.200
138 156 12 102 177 64 	23 138 102 23 64 64 64 	3.500
33 135 135 	33 161 71 93 	2.500
9 116 27 66 66 66 66 66 66 66 	66 66 66 66 66 66 66 66 66 161 	4.500
59 49 50 	59 127 50 127 	3.600
147 87 147 147 147 129 71 134 11 186 186 186 	150 87 147 16 11 196 116 186 87 59 147 147 116 189 	2.800
61 23 61 61 23 	23 172 61 9 61 23 	4.800
29 143 87 98 98 79 87 	169 98 79 87 	0.800
39 81 23 85 196 3 3 	39 50 23 85 87 0 87 	4.091
170 197 64 30 81 43 0 64 	18 197 53 163 1 64 81 	5.000
84 56 170 88 83 	84 58 88 83 170 	3.750
129 129 39 51 	129 39 180 	3.667
52 23 23 59 60 92 	52 23 23 104 92 92 	2.667
64 64 153 58 87 85 	52 52 153 58 58 77 87 85 	3.333
98 78 87 98 98 79 87 	186 87 87 78 87 98 98 87 	3.000
67 36 73 119 52 119 60 92 198 147 36 119 	193 70 88 67 119 52 119 60 92 198 147 67 	3.444
104 173 	104 191 50 10 129 	3.800
127 169 123 169 169 	169 27 169 169 	3.000
119 77 174 119 119 12 119 119 140 119 	77 119 119 119 58 28 119 119 119 119 119 140 119 	3.600
55 84 190 65 65 70 190 108 	108 84 190 63 106 50 64 12 108 	3.750
41 62 152 168 	41 62 152 168 	5.000
181 0 34 12 64 	34 64 12 	3.000
102 102 102 102 102 102 102 0 47 	102 191 191 191 102 102 102 102 102 	3.250
123 123 123 111 14 143 129 111 177 	123 123 123 74 190 111 	3.400
138 89 89 84 89 	51 89 89 89 89 	3.800
119 164 158 156 71 71 71 71 0 30 71 70 198 52 52 70 70 	119 164 158 169 28 30 150 71 30 12 30 71 119 1 	3.600
21 40 21 82 120 82 141 82 82 82 	82 21 21 141 21 141 120 82 141 82 82 82 	3.400
190 87 87 156 87 87 23 146 	198 156 87 87 179 146 179 179 147 87 87 163 	3.600
0 147 147 156 147 147 58 	60 132 115 0 0 147 85 58 	2.400
147 128 147 147 	147 156 147 0 12 186 147 147 	2.400
28 49 129 156 	28 12 31 	2.400
147 182 156 147 147 147 	147 3 156 147 63 	4.500
29 78 87 98 98 79 87 87 	169 98 79 87 	0.889
182 104 85 85 74 12 86 85 199 85 57 116 86 85 85 	199 132 29 51 105 85 85 	3.250
196 178 21 102 93 196 156 91 	196 178 21 102 93 156 	4.750
85 85 85 190 91 12 91 91 12 91 91 12 	85 85 91 91 142 91 91 71 85 91 181 91 	4.750
190 190 190 190 190 190 186 	12 190 190 190 190 190 190 153 190 	4.000
37 186 186 8 186 93 13 	174 155 90 85 98 32 93 13 	3.500
161 182 13 67 190 13 67 67 13 108 	12 182 13 67 190 13 67 	5.000
85 137 85 137 85 	33 137 85 	3.600
177 148 164 58 55 19 117 	177 148 164 58 57 19 87 	3.000
64 49 64 30 123 45 	191 156 55 123 191 	3.800
129 58 3 145 86 156 87 87 	3 145 86 0 87 154 110 87 58 	3.000
188 84 	173 166 11 190 	1.800
58 23 180 89 17 	58 23 63 180 89 17 	4.800
190 190 190 190 190 147 190 190 147 	78 190 190 190 190 169 190 190 	3.800
129 156 178 102 102 102 153 153 102 102 	102 102 121 153 153 153 153 	3.600
23 23 23 23 23 23 	58 23 23 23 23 23 23 	4.000
51 81 95 65 156 180 159 23 	51 81 156 180 159 1 	4.600
123 87 8 155 189 	87 8 8 92 84 190 	3.800
147 6 93 162 162 6 6 71 71 	6 93 162 154 6 6 154 71 	4.800
85 85 20 87 	153 3 110 11 147 58 87 	2.000
196 196 196 196 179 196 23 	105 196 196 196 196 196 196 196 23 	3.200
91 70 188 186 	71 30 59 188 30 41 9 	4.000
68 52 52 52 52 52 23 34 34 35 58 52 52 23 	23 23 23 23 34 52 23 23 23 52 52 12 	4.200
169 87 112 15 87 87 12 	169 98 79 98 87 	2.000
91 32 87 	85 85 11 85 87 	1.200
81 184 156 87 85 184 	37 81 102 156 87 85 184 	4.000
80 107 76 148 	157 107 80 52 	3.000
169 98 32 15 87 87 167 	98 167 87 13 87 12 128 87 	0.800
71 144 144 175 144 79 138 	71 144 144 175 144 18 25 	2.800
154 14 182 40 160 190 	113 118 40 160 190 113 	3.000
100 147 58 166 	171 147 147 58 166 190 	3.800
110 59 184 184 63 	184 89 	4.400
104 184 184 184 184 	10 184 10 33 11 10 10 	2.600
87 25 25 127 87 76 145 147 186 	87 25 25 25 32 0 147 186 	1.400
9 106 132 186 88 88 40 93 187 191 	9 9 106 71 9 64 186 88 88 	3.200
85 192 85 85 78 192 	85 192 85 85 192 118 137 85 85 	1.600
40 193 173 70 	173 70 13 13 173 	3.000
71 8 93 12 71 9 8 173 173 1 121 173 	71 196 9 26 48 173 173 162 121 104 173 	3.273
161 197 66 81 23 182 23 138 40 23 	161 197 66 128 189 23 178 23 138 40 23 	4.000
177 20 161 198 178 170 29 	93 177 20 198 51 170 138 161 	3.250
147 17 156 147 45 147 147 3 137 137 	147 156 147 43 147 147 147 	3.250
160 58 147 107 74 147 147 60 	58 147 11 92 172 147 88 	5.000
188 50 14 173 151 174 151 14 87 	173 190 151 174 151 177 12 	3.500
64 4 4 4 1 65 145 76 	64 64 96 96 96 65 116 20 178 	1.750
104 152 194 194 104 60 	152 111 111 21 60 147 147 64 194 91 104 	2.700
147 147 182 0 147 147 182 147 	147 17 156 147 	2.750
64 102 41 135 113 	138 173 41 135 160 153 	3.750
23 70 16 92 196 	70 23 16 193 161 	3.750
30 30 30 30 30 170 30 30 	74 30 30 30 30 170 30 48 30 	4.111
186 81 45 29 186 	85 81 187 11 11 44 	3.600
30 178 11 12 	11 11 191 	4.000
64 174 92 179 45 179 	64 190 179 92 179 179 45 179 	4.200
191 191 191 118 157 9 9 48 137 186 9 	191 9 9 157 9 9 9 9 48 9 12 84 	3.750
191 18 39 147 191 10 147 	18 18 39 147 147 	3.800
182 85 85 23 85 	64 190 23 85 	4.400
146 60 190 2 190 146 190 191 11 146 133 	146 60 190 2 190 146 70 88 54 191 11 146 133 	3.600
168 102 157 23 175 23 	59 168 49 143 170 157 23 175 23 	4.600
154 52 119 52 8 119 52 81 	64 1 119 52 1 	1.667
154 192 198 84 48 40 	154 23 70 48 40 	4.000
22 190 85 190 84 190 84 64 	190 190 190 190 177 	4.333
196 196 145 196 196 	156 81 196 196 196 196 189 196 	3.000
17 193 62 85 130 30 65 65 	9 17 189 180 193 	3.500
23 152 23 74 34 120 34 179 64 146 199 199 	152 64 74 170 34 179 64 146 64 170 120 	3.500
81 153 156 153 175 23 186 9 178 	133 153 85 81 81 153 0 175 178 	2.000
84 160 10 84 71 71 65 160 	71 116 160 10 51 71 71 	3.750
147 127 147 127 87 147 147 87 87 	147 32 147 43 12 147 147 74 87 87 	2.000
190 23 14 83 	190 23 12 14 	4.333
1 147 147 	156 	1.800
108 54 181 108 181 112 53 108 65 	23 108 54 181 108 31 112 53 148 88 108 39 108 	2.667
116 23 179 50 6 	80 116 23 179 196 80 67 	3.800
3 84 101 85 163 8 190 190 190 60 60 84 	3 156 119 84 60 137 84 	3.200
87 146 87 	87 147 147 	2.800
177 34 45 166 45 141 	34 166 116 59 140 198 	2.200
119 119 77 166 152 98 119 	119 117 166 152 174 127 	4.333
130 85 11 	11 11 	2.000
104 156 104 111 111 111 65 111 	82 82 82 82 82 141 82 	2.333
87 199 175 	87 49 129 12 49 	3.250
188 198 198 173 198 198 198 173 122 	188 198 198 173 98 161 67 	2.250
154 123 160 160 111 	62 160 0 47 	3.500
132 71 190 30 178 58 	190 132 12 79 12 	2.250
169 98 17 79 87 	104 143 87 98 98 79 87 	0.750
157 88 88 193 193 	98 153 88 88 193 193 	4.000
21 9 191 74 12 12 	21 9 191 74 182 151 134 128 49 178 93 	3.500
166 61 179 27 141 86 53 116 178 61 	166 99 179 116 115 86 53 116 178 61 	5.000
3 192 178 196 23 71 190 	196 196 23 135 196 23 23 23 12 74 	3.750
150 51 149 60 175 	150 148 60 60 175 11 	3.750
199 44 42 199 199 42 12 4 0 42 	199 87 42 147 42 104 199 85 42 87 0 42 110 	4.250
48 48 36 48 129 167 36 167 36 36 	48 131 36 48 129 167 36 167 36 36 	4.500
195 147 17 64 190 190 100 64 64 91 64 	154 64 147 127 190 190 100 163 64 64 91 64 127 147 147 	4.000
64 53 163 86 71 138 138 177 4 	64 23 86 158 138 138 40 138 177 4 	3.250
65 85 0 85 156 85 85 198 85 	87 147 147 35 	0.750
128 1 85 85 85 	93 128 85 85 85 	2.750
153 92 50 153 153 101 50 	168 91 39 153 50 50 92 50 153 153 	4.000
155 76 40 33 155 	110 76 40 33 155 	3.400
123 62 4 87 136 170 	23 153 4 170 	2.200
91 167 91 76 9 	167 91 76 64 64 	3.400
85 85 85 85 118 91 85 171 	85 85 85 118 91 85 150 12 	3.400
161 153 40 93 11 11 161 66 147 	190 118 118 66 147 60 	2.600
9 147 147 0 139 	9 	3.400
85 153 175 178 127 23 137 153 	52 153 153 175 178 137 52 	3.600
12 88 61 88 30 41 	88 119 88 61 	3.250
139 76 10 10 180 198 	139 76 10 10 180 198 	5.000
8 8 8 156 2 52 52 147 	156 8 2 8 52 23 147 	4.250
92 84 92 136 84 84 84 	92 71 92 84 84 50 81 118 	3.400
64 64 119 105 164 158 	119 119 119 164 158 	4.250
177 127 26 26 177 26 144 144 	127 127 133 26 175 	3.250
129 163 12 67 64 	129 163 156 12 64 43 	4.250
85 85 104 57 29 64 64 85 	85 85 104 57 104 64 85 85 196 	3.750
52 52 157 157 64 64 	135 64 147 52 52 157 157 	3.667
153 153 165 153 153 22 156 153 92 153 153 	85 153 153 22 156 153 92 153 153 	4.333
98 145 188 145 87 12 145 145 60 87 100 	145 188 145 183 145 145 60 87 93 145 100 	3.909
186 186 147 186 186 186 64 186 186 101 87 101 186 186 12 	186 186 147 186 186 186 64 101 186 186 65 	3.933
12 188 107 27 87 98 98 12 93 93 148 58 118 	78 87 78 147 87 58 0 79 87 156 87 197 133 147 87 118 	3.750
104 94 17 17 0 17 170 	94 0 120 170 	3.750
30 30 169 30 30 92 161 109 30 	197 30 169 30 161 109 70 	4.250
11 20 67 172 	30 165 67 172 30 	4.250
17 87 87 186 161 	84 147 84 17 87 59 184 64 	3.500
48 34 185 197 156 81 185 80 156 	34 185 197 156 81 185 156 80 	4.750
64 119 119 119 119 156 123 52 	123 119 119 119 119 64 123 123 	3.250
190 9 64 125 85 	125 85 190 60 60 	2.750
11 187 140 152 191 59 12 	30 187 20 152 152 12 152 127 	3.000
156 34 37 64 144 8 64 144 64 64 64 127 127 119 	156 34 64 64 141 119 	3.800
198 190 19 143 	170 101 65 19 143 	3.400
65 182 156 26 26 100 150 150 0 87 	65 65 65 182 156 22 26 26 65 87 	3.857
93 180 79 	185 182 45 160 	4.000
84 42 181 169 181 72 	30 181 181 136 181 19 72 165 	3.400
186 163 81 81 153 156 139 153 175 178 	24 153 85 81 81 153 0 175 178 	3.200
188 53 21 93 93 180 9 163 36 	0 9 93 36 14 9 179 36 	3.000
165 12 119 177 169 165 148 165 165 119 	165 119 165 12 101 82 148 181 119 64 177 	3.200
190 190 190 178 91 11 	11 190 0 190 189 91 	3.600
29 78 87 98 98 79 87 	50 87 98 147 147 147 79 147 79 	1.600
141 161 162 102 102 42 92 102 102 102 	104 161 162 42 102 92 102 102 102 102 24 	3.800
91 178 31 199 25 91 118 91 91 78 	178 31 118 84 91 113 	2.600
169 98 79 87 169 109 151 87 	186 169 98 87 79 	1.600
151 132 179 147 64 166 118 41 64 14 64 147 190 	92 7 179 190 64 166 64 64 186 179 85 	2.000
70 60 70 70 70 68 70 70 70 	76 60 181 92 	3.600
64 92 127 12 45 	64 12 45 64 64 	4.500
67 190 56 64 190 	196 190 56 48 196 190 	4.000
76 155 155 161 76 137 43 155 	8 76 76 155 155 161 12 	2.500
85 21 65 	82 85 82 21 65 	3.500
23 64 147 119 64 	23 64 64 	3.000
115 92 50 25 84 84 61 39 39 161 	113 86 39 39 190 190 99 39 	3.769
30 92 2 30 30 81 30 	156 30 92 30 30 81 30 28 30 	3.400
0 177 17 74 177 84 	123 177 84 	1.800
162 47 190 99 11 	47 162 	3.000
28 152 67 145 10 0 82 	28 82 82 0 82 82 	3.000
116 152 184 178 187 187 162 	152 184 118 187 187 49 11 187 81 	3.400
147 32 47 87 63 12 87 	147 32 43 147 147 	4.250
60 60 90 10 198 178 65 191 	102 35 82 82 198 178 43 191 82 82 82 	3.250
168 52 52 191 147 177 186 	191 168 52 131 191 147 177 85 81 67 	4.000
138 64 188 	138 64 85 127 64 	4.000
83 83 119 	119 83 83 119 30 	4.000
64 96 181 64 64 64 91 2 64 2 	64 96 181 91 11 184 64 	3.625
29 77 72 77 116 72 184 	16 134 77 48 134 59 48 65 	4.250
104 100 171 81 45 59 45 129 67 	104 100 171 81 129 67 	3.500
173 89 89 59 152 152 	89 89 89 59 152 152 	4.000
38 30 79 71 96 	71 96 73 	3.200
63 153 40 152 59 12 	153 104 152 59 12 152 59 147 162 	3.400
98 119 156 91 177 8 177 	156 177 177 40 179 119 	4.000
197 47 190 191 11 199 	107 190 47 62 107 	3.400
152 167 152 	167 152 152 12 	2.800
64 182 64 132 188 76 	147 64 12 84 10 12 76 	3.600
102 6 55 154 190 61 71 53 154 180 	6 192 190 55 192 107 	4.800
190 156 179 156 90 90 	190 156 49 	3.800
3 178 11 178 115 	178 11 48 84 178 115 22 	2.400
148 20 186 98 98 98 	191 12 186 98 12 98 98 20 	1.600
64 18 81 161 30 63 54 54 	182 64 62 81 30 180 63 54 54 	3.200
152 152 152 152 152 155 62 65 65 	152 152 152 59 152 152 65 65 	3.800
191 11 52 9 	129 11 52 11 	4.200
98 147 98 	152 28 147 147 147 	5.000
196 152 196 196 	196 196 196 196 23 196 196 	3.400
29 78 87 98 98 32 79 87 	169 98 79 87 	1.000
177 120 120 120 120 120 120 90 4 17 83 90 	177 120 120 120 120 120 120 120 	3.333
100 52 150 100 100 57 	150 100 147 57 100 64 129 138 	4.000
193 39 119 109 40 86 129 164 93 147 8 	38 50 147 50 11 50 50 12 50 	3.333
153 78 96 175 	153 85 153 85 78 96 175 	3.200
180 79 115 79 180 71 50 12 	64 12 107 79 42 50 79 50 	4.000
91 10 41 91 191 64 138 	27 91 191 64 25 65 27 91 	3.800
60 166 64 	40 130 64 60 166 64 	2.200
85 39 102 154 9 	102 23 	3.750
134 65 90 102 55 	64 102 30 	3.000
133 78 87 87 79 87 	50 87 98 147 147 147 79 147 50 79 	1.250
28 166 1 190 52 	30 30 30 190 67 30 30 30 	3.250
197 48 74 79 7 139 188 	197 48 62 7 185 157 	3.333
87 93 150 156 87 156 87 156 87 196 	93 196 0 0 87 	2.000
98 78 87 98 98 69 156 79 87 101 	78 87 98 98 98 87 	3.000
186 64 190 64 64 64 150 	64 191 190 64 64 64 150 	2.667
43 191 119 154 154 	43 105 119 	3.667
64 64 52 138 64 	64 52 138 161 64 	3.667
199 87 35 180 87 12 180 87 42 43 	199 147 35 180 90 12 180 87 42 43 	4.333
59 21 1 0 119 	119 180 119 25 0 82 119 	1.333
169 20 79 93 87 87 156 93 	169 98 79 98 87 	2.200
169 98 109 156 79 87 	57 78 87 98 98 79 87 178 	1.200
1 7 96 20 129 129 0 191 	1 102 102 20 102 129 19 102 191 	4.400
64 64 40 64 49 49 	40 64 137 49 64 64 64 	3.400
52 116 116 63 67 	64 64 67 64 116 116 	4.200
12 179 93 190 	179 93 48 190 	3.000
85 23 85 190 85 92 58 50 85 58 	85 23 85 190 85 63 58 65 	3.400
10 85 194 90 87 78 87 	85 194 65 78 87 87 	4.800
176 192 181 190 12 148 190 117 	148 70 52 52 110 148 190 117 	2.750
0 119 119 191 119 191 198 119 119 119 119 119 	0 119 166 54 157 161 79 70 119 147 147 56 	4.000
172 116 147 58 147 0 147 147 156 147 147 147 65 	147 0 147 147 93 156 156 147 147 65 74 	1.000
25 156 0 27 191 191 65 141 	25 156 116 191 191 65 141 	4.250
147 162 85 85 	85 147 147 	3.000
2 93 30 	152 164 30 2 99 30 	3.500
63 86 0 157 157 	190 157 0 74 157 157 157 	4.250
23 195 92 33 67 23 105 88 	156 23 195 92 33 67 88 100 88 	4.000
137 91 20 58 65 	58 65 	1.750
23 8 85 190 65 102 102 	12 85 12 23 8 190 	3.067
64 64 96 181 77 	12 56 96 181 77 	3.250
12 40 45 160 138 	45 160 138 40 101 	3.750
111 29 104 	48 111 29 10 104 104 29 	2.250
38 166 179 	195 33 119 166 119 74 	2.500
120 170 146 185 65 	120 170 144 144 146 87 65 	3.750
174 61 116 12 178 175 175 0 87 153 153 	137 153 60 37 0 87 153 153 	3.250
156 81 81 81 147 186 57 23 190 81 	62 190 147 85 148 81 147 85 148 23 81 	4.000
171 104 147 85 64 191 190 190 192 	90 171 147 85 64 118 85 96 164 64 43 	4.000
115 64 190 190 84 	85 34 84 85 84 147 84 	3.444
36 36 9 9 185 173 106 167 	36 36 170 56 173 23 196 167 49 36 	2.750
44 156 105 64 167 105 64 64 64 151 	44 156 105 64 64 64 151 167 60 	4.600
87 0 87 85 85 	10 0 87 186 	2.800
148 147 190 8 147 64 8 147 147 147 	148 147 190 8 147 5 147 147 147 	4.800
186 169 98 87 79 	29 28 87 98 98 79 87 	0.600
34 105 53 34 	52 52 186 138 	2.750
153 105 38 105 64 64 64 	167 105 64 64 119 64 	2.750
71 177 71 84 83 150 150 150 	71 88 88 88 88 71 71 84 150 150 150 150 150 	3.250
190 190 190 190 190 190 190 190 	84 0 190 190 190 190 190 84 	3.250
190 64 190 50 179 190 160 146 112 179 	190 50 190 190 146 112 190 190 	2.500
10 157 157 32 	72 19 157 19 32 	2.250
147 147 147 156 147 147 132 115 	85 90 58 85 0 132 115 137 137 	1.500
98 175 12 138 191 	138 175 114 12 	3.000
190 12 107 70 190 23 11 0 91 39 	123 177 177 11 0 177 39 	3.800
102 47 102 102 102 102 	102 47 102 102 102 102 102 102 	4.308
192 4 110 32 73 165 136 28 	192 136 177 110 32 17 165 136 28 	3.400
85 161 157 91 85 78 98 85 85 65 65 19 85 	161 175 91 156 87 85 65 91 161 85 119 	3.200
161 196 143 12 71 71 48 106 10 184 	184 161 196 143 12 71 190 184 106 10 184 	3.500
105 177 14 198 106 10 	17 177 198 14 	3.750
64 156 52 64 0 64 64 	178 0 52 52 156 52 52 64 	1.750
178 0 52 52 156 52 52 64 	52 34 156 52 52 6 52 52 	1.250
196 179 11 14 11 180 44 11 	196 196 33 11 180 44 11 113 196 	3.400
70 184 192 180 184 0 87 85 	178 156 87 0 85 	1.200
85 85 85 157 85 85 78 130 85 85 	85 85 85 85 85 78 60 	3.800
86 147 0 156 147 147 	151 0 156 147 85 86 58 	3.200
164 197 185 180 129 	146 182 107 107 	3.500
186 51 1 186 	186 175 1 186 	4.750
64 91 115 88 21 119 29 64 	64 147 119 64 91 40 54 119 29 	3.500
84 38 108 170 	84 58 88 83 170 	2.000
84 161 91 91 91 177 76 	91 91 91 191 9 91 91 91 	2.800
147 147 191 147 32 43 	147 147 87 147 147 64 30 147 	1.400
161 35 178 190 190 	11 52 196 190 190 	2.000
64 139 	129 64 197 139 	4.800
14 86 86 123 64 64 64 	156 29 14 86 123 64 64 64 	3.800
199 199 122 152 10 10 	199 199 57 182 152 10 	4.600
147 32 156 87 89 147 147 	147 87 147 147 	1.400
74 47 1 47 124 47 47 189 	47 74 47 1 47 47 	3.600
67 34 64 88 178 64 41 64 84 64 	93 64 178 64 41 64 193 	3.000
50 100 186 85 186 87 	100 186 87 110 87 139 	1.600
76 8 88 43 12 43 76 144 17 	76 8 88 76 144 17 	4.000
40 48 194 79 87 	40 87 39 48 87 87 	2.400
83 150 150 177 30 192 177 83 53 127 35 	83 150 150 177 30 127 35 	3.500
169 98 79 87 	29 78 87 98 98 79 87 	0.750
156 52 30 	30 52 156 	5.000
21 153 111 21 114 21 111 114 21 148 153 21 114 114 	114 111 111 114 114 111 114 114 148 21 114 114 	5.000
78 83 145 78 27 	58 83 145 98 27 	4.000
64 64 64 0 64 144 8 64 0 64 144 64 64 	64 64 144 8 64 64 64 64 	3.000
85 12 147 3 	192 147 	1.333
193 48 23 191 193 190 23 	70 159 191 191 11 157 23 70 	3.667
104 156 156 162 184 48 152 184 	104 184 48 152 184 	3.091
103 55 12 58 85 65 196 186 102 102 55 153 102 85 	87 85 85 87 65 85 55 87 196 186 102 102 102 	3.800
21 64 45 64 191 	45 64 191 21 12 	4.400
114 100 114 164 100 3 114 49 164 114 	114 164 100 3 114 49 114 	4.800
125 71 48 159 159 159 159 159 79 	190 45 125 67 190 12 159 190 159 67 159 159 159 79 	3.000
102 102 102 153 102 102 102 102 102 102 102 102 	102 102 60 102 102 102 102 102 102 191 	2.667
61 50 4 122 	115 26 122 12 50 4 	4.000
67 67 70 42 70 	193 153 70 193 	3.000
64 190 190 123 20 	190 190 20 42 100 112 178 	4.000
10 191 102 102 102 92 102 192 102 23 60 23 	10 191 102 102 92 102 128 0 23 60 23 102 	5.000
198 156 17 141 165 177 26 125 26 30 	96 177 17 146 26 	3.400
153 23 161 198 177 10 1 	23 60 10 60 10 60 23 	3.400
147 191 103 43 65 85 147 178 43 147 85 	147 93 103 65 85 85 189 	3.857
64 116 64 64 64 64 64 64 64 64 64 	64 64 64 179 64 64 45 89 64 64 11 	4.000
168 90 85 40 	168 85 40 	1.500
120 147 128 156 147 147 147 	120 147 158 156 147 147 87 156 	3.750
196 23 118 23 85 23 85 60 85 85 23 148 	23 118 23 85 23 170 82 85 42 23 23 	2.750
91 55 91 67 67 164 91 	75 91 91 161 67 67 	4.000
89 199 162 99 	137 54 162 99 45 	1.500
23 162 0 87 21 161 	66 166 0 87 21 147 152 87 136 	1.800
68 68 193 68 68 70 185 80 12 	193 68 68 68 70 185 80 12 8 33 	4.000
10 137 186 137 161 147 137 156 3 137 137 	58 137 137 43 137 3 137 	3.000
199 199 199 199 82 199 96 2 55 199 	199 199 82 199 129 48 199 	3.600
64 64 64 64 	64 64 64 64 64 52 52 	3.400
111 111 111 111 82 111 27 111 111 	82 111 82 111 141 27 111 4 111 	3.000
190 190 30 190 14 168 	23 64 64 64 190 158 168 	2.600
119 119 119 45 	12 64 119 45 	3.200
119 141 141 	127 141 141 	3.500
83 0 38 111 111 	12 47 93 193 111 111 	3.250
152 72 167 111 1 12 	152 81 72 167 173 111 1 	3.750
137 175 137 110 102 0 102 87 137 	0 102 102 161 87 137 	3.250
