5
4.5033
3.0433
3.7455
4.2339
5
4.1667
0.6696
2.851
0.0808
2.9676
4.3801
0.7995
2.6255
2.2156
5
0.7454
2.7066
2.2871
4.5212
1.4847
2.4445
0.7455
2.4224
3.7732
4.4323
2.4094
0.8744
2.6633
1.7127
2.0034
3.8041
2.9883
4.9803
4.7118
2.2913
2.9428
1.6947
1.5645
4.4213
4.0999
5
4.9453
3.6828
3.2552
3.0034
5
4.2651
4.2725
4.0378
5
3.1732
2.1827
1.4698
1.3791
2.766
1.3247
4.8934
4.1157
4.5409
2.3332
1.9801
1.4473
0
2.0295
5
2.0275
4.5697
5
5
3.7439
2.8814
1.957
2.5642
3.4418
2.3196
1.842
2.3755
1.8393
1.7505
2.2753
2.4757
1.4176
3.2512
4.7255
3.1079
2.4026
3.979
5
3.8622
0.781
1.355
1.3807
1.4479
1.9546
3.2813
3.6018
2.3219
0.8544
3.6603
4.5588
5
2.7938
5
4.017
0.4059
5
4.5062
3.1559
1.2424
2.7699
3.8349
3.4009
3.8885
3.3527
1.0814
3.6752
2.2884
4.0973
4.8711
3.9321
3.1175
2.5499
4.7714
3.8266
4.7215
1.7177
1.9195
1.983
3.5773
3.7958
4.4036
0.826
1.5036
3.1974
1.8392
3.734
5
2.9323
4.3486
4.7039
1.9648
4.6911
1.5322
1.8296
2.8779
0.9981
5
5
1.0763
2.1609
5
5
2.4581
5
2.5561
0.8748
1.562
4.2499
0.8877
4.1685
5
4.311
3.421
0.8636
0.1102
2.1073
0.9682
4.6592
2.8096
1.9139
1.9753
4.389
2.7192
2.9269
4.3013
2.0735
4.5009
5
2.0626
3.0403
0.2283
0.5142
5
4.9458
3.5294
4.9075
3.4
4.8205
4.8487
1.8688
2.9103
3.2265
3.0904
2.3891
3.6281
1.3346
4.7956
2.8102
2.4283
1.6715
4.425
3.9521
2.9075
1.8132
1.2496
5
5
1.3267
4.5914
5
4.9571
3.8991
1.128
4.2177
2.8387
4.2562
2.9856
0.5231
4.1304
2.3973
3.5421
2.595
2.1336
0
3.2796
5
4.71
4.4297
3.8011
2.0282
4.3163
2.8601
4.7851
4.9381
3.36
1.3392
2.7425
3.9684
5
2.6079
2.2729
2.0708
4.4832
3.0803
3.0297
2.2357
2.0556
4.7382
4.9334
