0.8249579113843054	0.7302967433402215
0.7999999999999999	0.7999999999999999
0.5661385170722979	0.5661385170722979
0.47809144373375745	0.4285714285714285
0.6446583712203041	0.533001790889026
0.6708203932499369	0.6708203932499369
0.8571428571428569	0.8571428571428569
0.3678836036909795	0.37062465833055064
0.5640760748177661	0.42640143271122083
0.40201512610368484	0.40201512610368484
0.521749194749951	0.3849001794597505
0.6299407883487119	0.6299407883487119
0.41247895569215276	0.4003203845127179
0.0	0.0
0.46056618647183833	0.41812100500354543
0.75	0.75
0.280056016805602	0.2314550249431379
0.6495190528383291	0.4961389383568338
0.592999453328881	0.4767312946227962
0.7608859102526819	0.6396021490668312
0.6324555320336758	0.6324555320336758
0.5039526306789696	0.4629100498862757
0.4003203845127179	0.21081851067789195
0.269069117598525	0.23008949665421113
0.7385489458759965	0.7216878364870323
0.4264014327112209	0.3889222341312986
0.4236592728681617	0.3265986323710904
0.3638034375544995	0.253546276418555
0.6085806194501846	0.5000000000000001
0.46153846153846156	0.30000000000000004
0.28097574347450816	0.14433756729740646
0.7071067811865475	0.7071067811865475
0.9128709291752769	0.9128709291752769
0.9545454545454543	0.9285714285714285
0.6324555320336759	0.6324555320336759
0.1666666666666667	0.1666666666666667
0.7499999999999999	0.7499999999999999
0.21081851067789195	0.12909944487358058
0.5869391856534221	0.3223291856101521
0.674199862463242	0.6446583712203041
0.7071067811865475	0.7499999999999999
1.0000000000000002	1.0000000000000002
0.8333333333333336	0.8333333333333336
0.3086066999241838	0.3086066999241838
0.38348249442368526	0.33806170189140666
0.35355339059327373	0.35355339059327373
0.9999999999999999	0.9999999999999999
0.710046946804693	0.40089186286863654
0.8181818181818183	0.7499999999999999
0.7035264706814485	0.5773502691896258
0.8333333333333336	0.8333333333333336
0.6210590034081188	0.5222329678670935
0.34783279649996723	0.36084391824351614
0.4629100498862757	0.4629100498862757
0.2165063509461097	0.2651650429449553
0.3779644730092272	0.3198010745334156
0.31622776601683794	0.31622776601683794
0.5714285714285713	0.5714285714285713
0.545544725589981	0.5039526306789696
0.6735753140545635	0.5443310539518174
0.5892556509887895	0.5892556509887895
0.3779644730092272	0.3779644730092272
0.37688918072220456	0.3198010745334156
0.0	0.0
0.5892556509887895	0.5892556509887895
0.8888888888888891	0.8333333333333336
0.554700196225229	0.3872983346207417
0.9128709291752769	0.9128709291752769
0.8333333333333336	0.8333333333333336
0.801783725737273	0.801783725737273
0.31622776601683794	0.31622776601683794
0.6681531047810608	0.6681531047810608
0.2614881801842454	0.21483446221182984
0.3162277660168379	0.3162277660168379
0.36514837167011077	0.36514837167011077
0.7171371656006361	0.7171371656006361
0.4472135954999579	0.4472135954999579
0.784464540552736	0.7826237921249264
0.35355339059327373	0.35355339059327373
0.4842001247062523	0.41812100500354543
0.5163977794943223	0.4629100498862757
0.44194173824159216	0.39223227027636803
0.43835700375960457	0.2672612419124244
0.6301260378126045	0.4444444444444444
0.8432740427115678	0.8432740427115678
0.7302967433402217	0.4622501635210242
0.686406472983644	0.565685424949238
0.7184212081070995	0.39223227027636803
0.778498944161523	0.6681531047810608
0.8249579113843053	0.7302967433402215
0.3872983346207417	0.4629100498862757
0.21693045781865616	0.23904572186687872
0.7453559924999299	0.7777777777777779
0.6154574548966638	0.5773502691896258
0.3779644730092272	0.3779644730092272
0.7500000000000002	0.6666666666666667
0.45834924851410563	0.40089186286863654
0.42340489921997054	0.3450327796711771
0.501280411827603	0.3651483716701108
0.3198010745334156	0.3198010745334156
0.42008402520840293	0.38575837490522985
0.8571428571428569	0.8571428571428569
0.14907119849998596	0.14907119849998596
0.9999999999999999	0.9999999999999999
0.6030226891555273	0.4330127018922194
0.5698028822981898	0.5698028822981898
0.8571428571428569	0.8571428571428569
0.7378647873726218	0.7378647873726218
0.2279211529192759	0.26726124191242434
0.39223227027636803	0.39223227027636803
0.4850712500726659	0.4714045207910316
0.801783725737273	0.801783725737273
0.4714045207910316	0.4714045207910316
0.7216878364870323	0.7216878364870323
0.6249999999999999	0.6249999999999999
0.4564354645876385	0.4216370213557839
0.8013876853447541	0.6943650748294137
0.4216370213557839	0.3779644730092272
0.47809144373375745	0.5714285714285713
0.8571428571428569	0.8571428571428569
0.6299407883487119	0.6299407883487119
0.4	0.4
0.6859943405700353	0.6396021490668312
0.9354143466934851	0.9354143466934851
0.8561726894780894	0.7035264706814485
0.9354143466934851	0.9354143466934851
0.5050762722761053	0.4558423058385518
0.2357022603955159	0.2357022603955159
0.30618621784789724	0.30618621784789724
0.38138503569823695	0.13363062095621217
0.8001976040538968	0.6900655593423543
0.8764598212022147	0.8864052604279181
0.20412414523193154	0.0912870929175277
0.4558423058385518	0.40089186286863654
0.533001790889026	0.533001790889026
0.5687964589945211	0.2672612419124244
0.6299407883487119	0.6299407883487119
0.6761234037828132	0.6761234037828132
0.21320071635561041	0.24999999999999994
0.5773502691896257	0.4166666666666668
0.8571428571428569	0.8571428571428569
0.5477225575051663	0.5270462766947299
0.6837634587578277	0.6681531047810608
0.47434164902525683	0.47434164902525683
0.5063696835418333	0.2449489742783178
0.8432740427115678	0.8432740427115678
0.6666666666666669	0.4
0.9354143466934851	0.9354143466934851
0.8333333333333336	0.8333333333333336
0.40089186286863654	0.40089186286863654
0.521749194749951	0.23904572186687872
1.0000000000000002	1.0000000000000002
0.7302967433402215	0.7302967433402215
0.4364357804719848	0.4364357804719848
0.8819171036881966	0.9258200997725515
0.5879747322073337	0.4387634544762784
0.6236095644623236	0.4330127018922194
0.560112033611204	0.44543540318737396
0.9090909090909092	0.8749999999999999
0.5103103630798288	0.4714045207910316
0.5103103630798288	0.4714045207910316
0.9999999999999997	0.9999999999999997
0.5518254055364692	0.36363636363636365
0.6225430174794672	0.5853694070049636
0.35355339059327373	0.2886751345948129
0.18333969940564224	0.10101525445522107
0.4999999999999999	0.47434164902525683
0.7378647873726218	0.6172133998483676
0.6054055145966812	0.7378647873726218
0.7216878364870323	0.7302967433402215
0.07216878364870323	0.10206207261596575
0.32732683535398865	0.32732683535398865
0.8629109946080098	0.7590721152765897
0.4364357804719848	0.31622776601683794
0.5976143046671969	0.5714285714285713
0.8571428571428569	0.8571428571428569
0.45291081365783836	0.5163977794943223
0.801783725737273	0.801783725737273
0.7171371656006361	0.7142857142857141
0.2222222222222222	0.2222222222222222
0.4444444444444444	0.4444444444444444
0.2519763153394848	0.2519763153394848
0.35355339059327373	0.35355339059327373
0.9486832980505138	0.9258200997725515
0.7715167498104596	0.7715167498104596
0.5262348115842176	0.5262348115842176
0.7863570994927848	0.7505553499465136
0.6666666666666669	0.6666666666666669
0.8571428571428569	0.8571428571428569
0.7385489458759966	0.7216878364870323
0.40482045237636816	0.3363363969981562
0.35355339059327373	0.35355339059327373
0.7302967433402217	0.7378647873726218
0.5217391304347827	0.4900980294098034
0.24174688920761409	0.21320071635561041
0.30000000000000004	0.3585685828003181
0.7499999999999999	0.6
0.7777777777777779	0.7777777777777779
0.6963106238227914	0.5892556509887895
0.3779644730092272	0.3779644730092272
0.6666666666666669	0.6666666666666669
0.8320502943378438	0.7893522173763263
0.5962847939999438	0.5477225575051662
0.7577722283113839	0.6054055145966812
0.3508232077228117	0.30000000000000004
0.18257418583505539	0.18257418583505539
0.9258200997725515	0.9258200997725515
0.9999999999999997	0.9999999999999997
0.23145502494313785	0.16666666666666666
0.8819171036881969	0.8944271909999159
0.8333333333333336	0.8333333333333336
0.916666666666667	0.8888888888888891
0.7244616763479588	0.6092717958449424
0.35355339059327373	0.294174202707276
0.6139406135149206	0.47809144373375745
0.6068660849090083	0.4629100498862758
0.6761234037828132	0.6761234037828132
0.44513190725972585	0.37062465833055064
0.408248290463863	0.14907119849998596
0.7272727272727274	0.7462025072446364
0.6642111641550715	0.3849001794597505
0.3418817293789138	0.3418817293789138
0.6135719910778964	0.5720775535473555
0.3198010745334156	0.3198010745334156
0.26726124191242434	0.26726124191242434
0.762770071396474	0.762770071396474
0.9534625892455926	0.9354143466934851
0.8333333333333336	0.8333333333333336
0.5000000000000001	0.5000000000000001
0.7715167498104596	0.7715167498104596
0.24209101306752098	0.19611613513818404
0.8749999999999998	0.7999999999999999
0.48989794855663554	0.3779644730092272
0.7637626158259734	0.7559289460184543
0.75	0.75
0.6030226891555273	0.4472135954999579
0.6708203932499369	0.6708203932499369
0.8250286473253902	0.6324555320336759
0.7863570994927848	0.6943650748294137
0.9128709291752769	0.9128709291752769
0.3402069087198859	0.3442651863295481
0.3333333333333333	0.22360679774997896
0.5039526306789696	0.5039526306789696
0.8333333333333336	0.8333333333333336
0.6454972243679029	0.6172133998483676
0.47434164902525694	0.0912870929175277
0.2581988897471611	0.2581988897471611
0.3678836036909795	0.22613350843332272
0.9335638713962129	0.8894991799933215
0.7999999999999999	0.7999999999999999
