4.3409
2.2477
1.4376
1.5624
3.8761
4.6151
3.0136
4.2591
4.7899
2.9752
3.0923
2.5087
1.9054
2.358
1.8627
4.4424
3.7521
1.5448
3.0102
3.2107
3.7698
1.92
1.4395
1.4976
3.0551
3.4769
3.9967
0.9412
1.965
4.9104
2.62
4.4393
5
0.8709
0.7714
0.8481
0
5
1.5061
2.2299
4.0392
3.5306
0.4239
2.9267
1.0889
4.5501
1.8752
2.1893
3.564
1.1762
3.683
2.2345
0.5737
2.1676
1.9422
2.4981
2.6998
2.3044
4.0069
1.7042
2.3166
3.5419
2.1171
5
4.1272
0
4.2383
3.3055
3.3382
2.1005
3.7488
2.9163
4.2995
0.7598
3.2484
2.9251
3.2989
3.2972
4.6808
4.5631
2.3748
1.3915
2.2296
0.8491
3.0881
2.3213
3.9615
4.4504
3.7809
2.7981
2.9949
4.778
2.783
0
3.0052
4.7972
2.604
3.3927
0.9952
4.1505
3.2663
2.056
0.2386
4.4119
4.0646
1.1144
5
3.7612
3.5215
3.8261
3.4031
3.1947
0
2.2663
0.1093
4.5621
4.2176
2.9659
3.5251
0.882
1.6492
1.4224
2.3457
4.5388
4.315
0
1.5202
5
4.5925
3.0573
1.7949
2.3616
1.9486
0.9694
1.0656
3.0513
4.2242
2.326
0
3.3
3.2483
2.9215
1.0216
3.5234
3.7716
0
2.3548
1.7326
4.6897
4.114
3.5939
1.5751
1.1591
2.1456
3.1918
2.3444
3.8313
3.4109
4.3379
2.9525
3.8403
3.3571
2.4337
1.4344
5
2.9246
3.6679
1.3296
5
3.9849
4.8311
3.3552
2.732
3.7295
4.0808
1.4015
2.9722
4.6475
4.8762
1.5414
1.4163
1.7567
3.5568
2.5964
0
4.117
0
5
4.8492
1.0173
3.7808
1.6677
5
3.3946
2.218
2.5735
4.3638
3.7629
2.8271
0.703
1.5113
2.6864
0
2.3252
2.5809
1.7296
5
2.5015
3.3858
3.1099
2.9221
4.5228
0
3.6071
3.0229
2.6717
2.56
3.9355
3.8321
2.4351
4.3087
3.5379
2.6305
5
4.6819
5
2.0854
3.4299
2.5366
1.8756
3.4373
2.9752
3.4077
5
3.9846
1.8857
3.3235
0
2.1073
2.0277
3.0744
1.9201
4.4197
3.5474
1.5659
2.5585
3.2904
4.3041
1.575
3.2276
